time	 	 	x	 	 	y	 	 	theta	 	 	xcmd	 	 	ycmd	 	 	thetacmd

1505239164.42	 	 	0.454049141909	 	 	1.10951236263	 	 	57.6790868932	 	 	-0.999719170234	 	 	-0.0236976932856	 	 	-178.642095075
1505239164.48	 	 	0.454034043782	 	 	1.10950377197	 	 	57.6857346349	 	 	-0.999719610196	 	 	-0.0236791256103	 	 	-178.643159223
1505239164.54	 	 	0.454028126211	 	 	1.10952100054	 	 	57.6806722754	 	 	-0.999718719235	 	 	-0.0237167116623	 	 	-178.641005096
1505239164.6	 	 	0.45402118021	 	 	1.10952762367	 	 	57.6820329476	 	 	-0.999718375278	 	 	-0.0237312058392	 	 	-178.640174407
1505239164.66	 	 	0.453457587148	 	 	1.11000772586	 	 	61.3361834099	 	 	-0.999692861901	 	 	-0.0247826928293	 	 	-178.579910905
1505239164.72	 	 	0.449704757681	 	 	1.11145371377	 	 	73.5150758399	 	 	-0.999608301275	 	 	-0.0279864971218	 	 	-178.396282435
1505239164.78	 	 	0.444893301178	 	 	1.11196142791	 	 	89.6411944097	 	 	-0.999573565033	 	 	-0.029200823407	 	 	-178.326678199
1505239164.84	 	 	0.437466020483	 	 	1.1114574586	 	 	109.141542412	 	 	-0.999598235457	 	 	-0.0283437413225	 	 	-178.375805726
1505239164.91	 	 	0.428736857498	 	 	1.11362212514	 	 	129.840134874	 	 	-0.999439106459	 	 	-0.0334883932305	 	 	-178.080897588
1505239164.97	 	 	0.414703616871	 	 	1.11813370597	 	 	145.126293884	 	 	-0.999017291619	 	 	-0.0443221281814	 	 	-177.459696936
1505239165.03	 	 	0.399536695211	 	 	1.1209250983	 	 	160.384575163	 	 	-0.998652739089	 	 	-0.0518912970573	 	 	-177.025511761
1505239165.09	 	 	0.385243760106	 	 	1.11901908757	 	 	175.737343579	 	 	-0.998776242729	 	 	-0.0494572235412	 	 	-177.165153342
1505239165.15	 	 	0.371231119202	 	 	1.11220716491	 	 	190.848967773	 	 	-0.999335439656	 	 	-0.0364510500088	 	 	-177.91104591
1505239165.21	 	 	0.354518007694	 	 	1.10224738993	 	 	201.596426357	 	 	-0.99985341233	 	 	-0.0171217362522	 	 	-179.018948838
1505239165.27	 	 	0.336223250397	 	 	1.08960314784	 	 	208.478462862	 	 	-0.999971199491	 	 	0.00758947877559	 	 	179.565150723
1505239165.33	 	 	0.312680231726	 	 	1.07176253369	 	 	213.041855604	 	 	-0.999108175191	 	 	0.0422238589684	 	 	177.580031648
1505239165.4	 	 	0.290458430767	 	 	1.05422764338	 	 	214.243298708	 	 	-0.997148949046	 	 	0.0754584217708	 	 	175.672437421
1505239165.45	 	 	0.267395731643	 	 	1.03661843267	 	 	213.987478248	 	 	-0.994238739968	 	 	0.107188282695	 	 	173.846742404
1505239165.51	 	 	0.24380480758	 	 	1.01822700321	 	 	213.710424169	 	 	-0.990343365633	 	 	0.138636280049	 	 	172.031058663
1505239165.58	 	 	0.21982117764	 	 	1.00024903234	 	 	213.081225296	 	 	-0.985996842739	 	 	0.166763983247	 	 	170.400276803
1505239165.63	 	 	0.196300812284	 	 	0.98262396721	 	 	212.560267556	 	 	-0.981415488777	 	 	0.19189486285	 	 	168.936613077
1505239165.7	 	 	0.172226032529	 	 	0.965003760792	 	 	212.264886808	 	 	-0.976827154467	 	 	0.214029694891	 	 	167.641392128
1505239165.76	 	 	0.146808195922	 	 	0.94787039804	 	 	211.64872321	 	 	-0.972867064853	 	 	0.231364807445	 	 	166.622563016
1505239165.82	 	 	0.122235511793	 	 	0.931102863189	 	 	211.069734375	 	 	-0.969381917272	 	 	0.245557933015	 	 	165.785191777
1505239165.88	 	 	0.0967416467627	 	 	0.914208181016	 	 	210.608998945	 	 	-0.966628202484	 	 	0.256183368238	 	 	165.15628341
1505239165.94	 	 	0.0712968639276	 	 	0.897189586071	 	 	209.745357821	 	 	-0.964558594153	 	 	0.263868752308	 	 	164.700255285
1505239166.0	 	 	0.0461612532464	 	 	0.88096376038	 	 	209.250024511	 	 	-0.963613205057	 	 	0.267300563112	 	 	164.496302435
1505239166.06	 	 	0.0204549822729	 	 	0.864350010975	 	 	208.758395121	 	 	-0.963510971199	 	 	0.26766884088	 	 	164.47440373
1505239166.12	 	 	-0.0056088843072	 	 	0.848547727272	 	 	208.28434823	 	 	-0.964740987624	 	 	0.263201114737	 	 	164.739909898
1505239166.18	 	 	-0.0306693744751	 	 	0.833626312607	 	 	207.665495675	 	 	-0.966783563566	 	 	0.255596442108	 	 	165.191069988
1505239166.24	 	 	-0.0562952675634	 	 	0.818581584335	 	 	207.219614704	 	 	-0.969612404326	 	 	0.244646245376	 	 	165.839071099
1505239166.3	 	 	-0.0867585417767	 	 	0.800845063926	 	 	206.36480963	 	 	-0.973721201017	 	 	0.227743326336	 	 	166.83575175
1505239166.36	 	 	-0.112773332609	 	 	0.786026527172	 	 	205.742996284	 	 	-0.977740007335	 	 	0.209820108801	 	 	167.888189627
1505239166.42	 	 	-0.139703870331	 	 	0.771372325886	 	 	205.094017968	 	 	-0.982240047979	 	 	0.18762859096	 	 	169.185576283
1505239166.49	 	 	-0.166003333204	 	 	0.75763324644	 	 	204.542808041	 	 	-0.986670590885	 	 	0.162730283239	 	 	170.634592694
1505239166.55	 	 	-0.191826638058	 	 	0.744268678706	 	 	203.804725243	 	 	-0.990736291283	 	 	0.135799856902	 	 	172.19512573
1505239166.61	 	 	-0.21851539655	 	 	0.731109471793	 	 	203.232567929	 	 	-0.99446464145	 	 	0.105071770258	 	 	173.968698434
1505239166.67	 	 	-0.244948837375	 	 	0.717780979614	 	 	202.417128209	 	 	-0.997349280412	 	 	0.0727627161458	 	 	175.827315935
1505239166.73	 	 	-0.271556859981	 	 	0.704832494193	 	 	201.883596759	 	 	-0.999281972773	 	 	0.0378885060579	 	 	177.828628785
1505239166.79	 	 	-0.298828320933	 	 	0.692171792909	 	 	201.311843691	 	 	-0.999999994377	 	 	-0.000106050918603	 	 	-179.99392373
1505239166.85	 	 	-0.325820924921	 	 	0.680179861361	 	 	200.827370638	 	 	-0.999215328622	 	 	-0.0396071590283	 	 	-177.730083205
1505239166.91	 	 	-0.35303550265	 	 	0.668422114506	 	 	200.087252528	 	 	-0.996719206866	 	 	-0.0809371525635	 	 	-175.357564684
1505239166.97	 	 	-0.380214552065	 	 	0.657449920599	 	 	199.275387327	 	 	-0.992324128083	 	 	-0.123664161435	 	 	-172.896380664
1505239167.03	 	 	-0.407556088946	 	 	0.646236329013	 	 	198.732354998	 	 	-0.985887515404	 	 	-0.16740910062	 	 	-170.36278728
1505239167.09	 	 	-0.434713306594	 	 	0.63516675641	 	 	198.018854346	 	 	-0.977368437761	 	 	-0.211544172381	 	 	-167.787139947
1505239167.15	 	 	-0.462542220371	 	 	0.62428511066	 	 	197.445792685	 	 	-0.966305354537	 	 	-0.257398449476	 	 	-165.084248841
1505239167.21	 	 	-0.490250057997	 	 	0.613863123775	 	 	197.218057609	 	 	-0.95285363478	 	 	-0.303430306143	 	 	-162.336247736
1505239167.27	 	 	-0.517585801376	 	 	0.603842914177	 	 	196.866903352	 	 	-0.937133899438	 	 	-0.348969990864	 	 	-159.575671904
1505239167.33	 	 	-0.544115358539	 	 	0.593734040495	 	 	197.604885892	 	 	-0.919542920816	 	 	-0.392989588637	 	 	-156.859351293
1505239167.39	 	 	-0.569371771213	 	 	0.583607523802	 	 	199.395252809	 	 	-0.900618396523	 	 	-0.434610749802	 	 	-154.239472128
1505239167.45	 	 	-0.597121904585	 	 	0.57021617125	 	 	201.86652121	 	 	-0.877446496445	 	 	-0.47967452077	 	 	-151.335853388
1505239167.51	 	 	-0.620084014586	 	 	0.557453700835	 	 	204.608153425	 	 	-0.856299413529	 	 	-0.516479732798	 	 	-148.90358623
1505239167.57	 	 	-0.642249927962	 	 	0.54370701653	 	 	207.724544031	 	 	-0.834102738018	 	 	-0.551609121054	 	 	-146.522524421
1505239167.63	 	 	-0.663161617164	 	 	0.529080945425	 	 	210.893207094	 	 	-0.811483012607	 	 	-0.584376009304	 	 	-144.241079846
1505239167.7	 	 	-0.683553402782	 	 	0.513453148347	 	 	214.32343326	 	 	-0.787739408142	 	 	-0.616008624015	 	 	-141.974754685
1505239167.76	 	 	-0.703100110241	 	 	0.496893865458	 	 	216.909047997	 	 	-0.763305666331	 	 	-0.646037506456	 	 	-139.756491222
1505239167.82	 	 	-0.721714952913	 	 	0.479181010452	 	 	219.296545652	 	 	-0.738361956224	 	 	-0.674404642334	 	 	-137.592065687
1505239167.88	 	 	-0.740081088412	 	 	0.460469510228	 	 	221.982438514	 	 	-0.712008063462	 	 	-0.70217128791	 	 	-135.398532642
1505239167.94	 	 	-0.757474780246	 	 	0.440749662532	 	 	223.98896966	 	 	-0.685230398576	 	 	-0.728326369746	 	 	-133.253729385
1505239168.0	 	 	-0.774175263464	 	 	0.420426338389	 	 	226.477180129	 	 	-0.657701930624	 	 	-0.753278282213	 	 	-131.124843568
1505239168.06	 	 	-0.790331300508	 	 	0.399424091684	 	 	228.927628664	 	 	-0.629200952769	 	 	-0.777242665475	 	 	-128.991194854
1505239168.12	 	 	-0.80604245885	 	 	0.377741929099	 	 	231.431473468	 	 	-0.599553665206	 	 	-0.800334556631	 	 	-126.837937954
1505239168.18	 	 	-0.821289579106	 	 	0.355051461781	 	 	233.036428612	 	 	-0.56866775804	 	 	-0.822567310903	 	 	-124.657376626
1505239168.24	 	 	-0.835244768291	 	 	0.331176900515	 	 	235.235227455	 	 	-0.53781479176	 	 	-0.843063016484	 	 	-122.535005789
1505239168.3	 	 	-0.848405484977	 	 	0.306977967229	 	 	237.246901818	 	 	-0.506435680062	 	 	-0.862277740615	 	 	-120.42670246
1505239168.36	 	 	-0.860622573671	 	 	0.282321780313	 	 	239.42636929	 	 	-0.47477666634	 	 	-0.880106310112	 	 	-118.344809794
1505239168.42	 	 	-0.871943014622	 	 	0.257347966556	 	 	241.6031444	 	 	-0.442847985824	 	 	-0.896596710596	 	 	-116.285735514
1505239168.48	 	 	-0.882058114597	 	 	0.232712405627	 	 	243.973570192	 	 	-0.411610257153	 	 	-0.911359970706	 	 	-114.306028849
1505239168.54	 	 	-0.891557242217	 	 	0.207675106769	 	 	246.186286094	 	 	-0.379685130131	 	 	-0.925115777596	 	 	-112.314180261
1505239168.6	 	 	-0.900104243421	 	 	0.181538853857	 	 	247.738032379	 	 	-0.347219860603	 	 	-0.93778375354	 	 	-110.317363347
1505239168.66	 	 	-0.907939026688	 	 	0.154980219887	 	 	249.494436913	 	 	-0.314136236275	 	 	-0.949377914773	 	 	-108.308677049
1505239168.72	 	 	-0.914933627999	 	 	0.128349894488	 	 	251.675788952	 	 	-0.280930360867	 	 	-0.959728155439	 	 	-106.315739391
1505239168.79	 	 	-0.922076607112	 	 	0.0963353325854	 	 	254.106603123	 	 	-0.241275023969	 	 	-0.970456780495	 	 	-103.961805524
1505239168.84	 	 	-0.926742640322	 	 	0.0691876420343	 	 	256.148549465	 	 	-0.208502769439	 	 	-0.978021776412	 	 	-102.03462513
1505239168.9	 	 	-0.930609657269	 	 	0.0425796313469	 	 	258.340138687	 	 	-0.17618941088	 	 	-0.984356282803	 	 	-100.147881897
1505239168.96	 	 	-0.933219959433	 	 	0.0151611807032	 	 	260.7024666	 	 	-0.143907532788	 	 	-0.989591138808	 	 	-98.2740219547
1505239169.02	 	 	-0.935121334231	 	 	-0.0127022488424	 	 	262.307208456	 	 	-0.110924333377	 	 	-0.993828854615	 	 	-96.3686020685
1505239169.08	 	 	-0.936030015855	 	 	-0.0403853142503	 	 	263.825096985	 	 	-0.0784145555741	 	 	-0.996920838118	 	 	-94.4974401505
1505239169.14	 	 	-0.936086952364	 	 	-0.0683413461767	 	 	265.866648934	 	 	-0.0456186808568	 	 	-0.998958926061	 	 	-92.6146652963
1505239169.2	 	 	-0.935800870879	 	 	-0.0962668745251	 	 	267.615511138	 	 	-0.0119955146894	 	 	-0.999928051225	 	 	-90.6873088485
1505239169.26	 	 	-0.934454865554	 	 	-0.123636830795	 	 	269.503622138	 	 	0.0204942750518	 	 	-0.999789970289	 	 	-88.8256823203
1505239169.32	 	 	-0.932009599043	 	 	-0.150842743814	 	 	271.55885454	 	 	0.0522510348056	 	 	-0.998633981678	 	 	-87.0048723064
1505239169.39	 	 	-0.928526316251	 	 	-0.178401555036	 	 	273.263326069	 	 	0.0841041145478	 	 	-0.996456972436	 	 	-85.1754900592
1505239169.44	 	 	-0.924151413803	 	 	-0.205824716121	 	 	274.950800403	 	 	0.115669113354	 	 	-0.993287801302	 	 	-83.3577800239
1505239169.5	 	 	-0.919117835695	 	 	-0.233140838699	 	 	276.655132311	 	 	0.147351496445	 	 	-0.989084190802	 	 	-81.5265270488
1505239169.56	 	 	-0.913296255968	 	 	-0.259538368769	 	 	278.500857942	 	 	0.177716595546	 	 	-0.984081709853	 	 	-79.7632138864
1505239169.62	 	 	-0.907185723891	 	 	-0.286171991491	 	 	280.03216673	 	 	0.209179750927	 	 	-0.977877206914	 	 	-77.9257121055
1505239169.68	 	 	-0.89958286714	 	 	-0.312518406115	 	 	282.437981239	 	 	0.239202587299	 	 	-0.970969681416	 	 	-76.1605187897
1505239169.75	 	 	-0.890947623936	 	 	-0.33828074762	 	 	284.194541179	 	 	0.268033182247	 	 	-0.963409680881	 	 	-74.4527368054
1505239169.81	 	 	-0.881733029925	 	 	-0.364259864035	 	 	285.425690688	 	 	0.297566597407	 	 	-0.954701063217	 	 	-72.6884942059
1505239169.87	 	 	-0.871603902914	 	 	-0.389998808314	 	 	287.175217268	 	 	0.326644474765	 	 	-0.945147283287	 	 	-70.9347652002
1505239169.93	 	 	-0.860886465073	 	 	-0.415384392467	 	 	288.858830736	 	 	0.355491025743	 	 	-0.934679694128	 	 	-69.1764587915
1505239169.99	 	 	-0.849231932109	 	 	-0.439773543914	 	 	290.704716329	 	 	0.382616542059	 	 	-0.923907236546	 	 	-67.5041482408
1505239170.05	 	 	-0.837680677212	 	 	-0.464165212203	 	 	292.743750102	 	 	0.410806380176	 	 	-0.911722610231	 	 	-65.7444995863
1505239170.11	 	 	-0.824866674846	 	 	-0.487912204359	 	 	294.46197542	 	 	0.437478409004	 	 	-0.899228915046	 	 	-64.0568959398
1505239170.17	 	 	-0.810942334019	 	 	-0.511192110781	 	 	295.874812342	 	 	0.463172790713	 	 	-0.886267998939	 	 	-62.4079678393
1505239170.23	 	 	-0.796211133424	 	 	-0.534547841763	 	 	297.554642959	 	 	0.48914865344	 	 	-0.87220043272	 	 	-60.7153596158
1505239170.29	 	 	-0.781107061173	 	 	-0.557471209026	 	 	299.231366483	 	 	0.514928392432	 	 	-0.857233195033	 	 	-59.0073312427
1505239170.35	 	 	-0.765679514758	 	 	-0.58004378584	 	 	301.046485082	 	 	0.540631483179	 	 	-0.841259531534	 	 	-57.2733630059
1505239170.41	 	 	-0.74900784799	 	 	-0.602519051344	 	 	302.85936367	 	 	0.565978406018	 	 	-0.82442006521	 	 	-55.5297388135
1505239170.47	 	 	-0.729653363489	 	 	-0.627208051941	 	 	305.021616204	 	 	0.593949504681	 	 	-0.804502321867	 	 	-53.5622191517
1505239170.53	 	 	-0.71152234247	 	 	-0.647869556048	 	 	306.666693535	 	 	0.616855715436	 	 	-0.787076251919	 	 	-51.9131160315
1505239170.59	 	 	-0.69242378728	 	 	-0.668338702777	 	 	308.469325294	 	 	0.639587529775	 	 	-0.768718278537	 	 	-50.2389304936
1505239170.66	 	 	-0.673047274663	 	 	-0.687973121533	 	 	310.29206153	 	 	0.661484920673	 	 	-0.749958465332	 	 	-48.5867801581
1505239170.72	 	 	-0.653429127824	 	 	-0.707641285991	 	 	311.775751401	 	 	0.683873742509	 	 	-0.729600373017	 	 	-46.8529023711
1505239170.78	 	 	-0.633190401287	 	 	-0.727026391264	 	 	313.733123255	 	 	0.706038848779	 	 	-0.708173103143	 	 	-45.086467714
1505239170.84	 	 	-0.612872284916	 	 	-0.745638366201	 	 	314.963864967	 	 	0.727391751852	 	 	-0.686222441587	 	 	-43.3318212463
1505239170.9	 	 	-0.591472138953	 	 	-0.763920002751	 	 	316.173075988	 	 	0.748276625449	 	 	-0.663386834213	 	 	-41.5586864126
1505239170.96	 	 	-0.5694921058	 	 	-0.781097530421	 	 	318.07893613	 	 	0.767760990589	 	 	-0.640736343069	 	 	-39.8467486851
1505239171.02	 	 	-0.543019175062	 	 	-0.800342268889	 	 	319.909582512	 	 	0.78960462956	 	 	-0.61361594583	 	 	-37.851421148
1505239171.08	 	 	-0.523780054175	 	 	-0.813459255654	 	 	321.404174756	 	 	0.804524987409	 	 	-0.593918803066	 	 	-36.4355943434
1505239171.14	 	 	-0.500327890749	 	 	-0.828766889408	 	 	323.637953302	 	 	0.822005922199	 	 	-0.569478940672	 	 	-34.7138986911
1505239171.2	 	 	-0.473057602351	 	 	-0.846132088185	 	 	325.410797859	 	 	0.841904374366	 	 	-0.539626745468	 	 	-32.6582334081
1505239171.27	 	 	-0.448252754589	 	 	-0.859829279386	 	 	326.913341969	 	 	0.857577112919	 	 	-0.514355417389	 	 	-30.9543799152
1505239171.32	 	 	-0.423228278626	 	 	-0.872688380352	 	 	328.875020884	 	 	0.87236566261	 	 	-0.4888539155	 	 	-29.2652805675
1505239171.39	 	 	-0.397941125217	 	 	-0.884896095466	 	 	330.601424656	 	 	0.886466814933	 	 	-0.46279216288	 	 	-27.5674279527
1505239171.45	 	 	-0.372109481484	 	 	-0.896252612301	 	 	332.220761956	 	 	0.899694637955	 	 	-0.436519825935	 	 	-25.8820422559
1505239171.5	 	 	-0.346314194285	 	 	-0.906571928719	 	 	334.277985597	 	 	0.911851155333	 	 	-0.410520974517	 	 	-24.2375658065
1505239171.56	 	 	-0.320204045053	 	 	-0.916419398152	 	 	336.033968351	 	 	0.923485200213	 	 	-0.383634050871	 	 	-22.5589666161
1505239171.62	 	 	-0.293694753966	 	 	-0.925864008621	 	 	337.358382964	 	 	0.934611683011	 	 	-0.355669793459	 	 	-20.8345000517
1505239171.69	 	 	-0.266259360258	 	 	-0.933850690418	 	 	338.598616415	 	 	0.944503271318	 	 	-0.32850200984	 	 	-19.1778787863
1505239171.75	 	 	-0.23929859119	 	 	-0.941041855808	 	 	340.563348083	 	 	0.953507766299	 	 	-0.301368444942	 	 	-17.5398136465
1505239171.81	 	 	-0.211921326197	 	 	-0.947670192492	 	 	342.45167961	 	 	0.961893086644	 	 	-0.273425839792	 	 	-15.8682264372
1505239171.87	 	 	-0.184957559783	 	 	-0.953277065789	 	 	344.303226574	 	 	0.96924958727	 	 	-0.24607973825	 	 	-14.2456518743
1505239171.93	 	 	-0.157952760107	 	 	-0.958030638361	 	 	346.285146024	 	 	0.975773290375	 	 	-0.218784107719	 	 	-12.6376278335
1505239171.99	 	 	-0.130140740484	 	 	-0.962380415113	 	 	348.14921862	 	 	0.981769546331	 	 	-0.190075137504	 	 	-10.9571691688
1505239172.05	 	 	-0.101940564206	 	 	-0.965713016829	 	 	349.250763798	 	 	0.986888073525	 	 	-0.161406103771	 	 	-9.28852093294
1505239172.11	 	 	-0.0736907854963	 	 	-0.968383050358	 	 	350.963458097	 	 	0.991209152421	 	 	-0.132304256007	 	 	-7.60276681929
1505239172.17	 	 	-0.0456270075522	 	 	-0.970170258444	 	 	352.706154493	 	 	0.994635990048	 	 	-0.10343716596	 	 	-5.93713246788
1505239172.23	 	 	-0.0170738153928	 	 	-0.971599402876	 	 	354.408379686	 	 	0.997320856971	 	 	-0.0731512696439	 	 	-4.19500602656
1505239172.29	 	 	0.0105156778474	 	 	-0.971908193947	 	 	355.762052646	 	 	0.999014106104	 	 	-0.0443938712619	 	 	-2.54441768981
1505239172.35	 	 	0.0385326258067	 	 	-0.9716040243	 	 	357.651661017	 	 	0.999890348947	 	 	-0.0148084463053	 	 	-0.848492487363
1505239172.41	 	 	0.071631460054	 	 	-0.970102300431	 	 	359.163218638	 	 	0.999800274724	 	 	0.0199852610978	 	 	1.14514735268
1505239172.47	 	 	0.100139152504	 	 	-0.968337548225	 	 	0.784562039246	 	 	0.998709945931	 	 	0.0507783802277	 	 	2.9106386123
1505239172.53	 	 	0.12810702654	 	 	-0.965131600685	 	 	2.29740821258	 	 	0.9968095811	 	 	0.0798164082628	 	 	4.57801295869
1505239172.59	 	 	0.155791634017	 	 	-0.961131119635	 	 	3.52285025316	 	 	0.99408873615	 	 	0.108570643641	 	 	6.23292599645
1505239172.65	 	 	0.183437439331	 	 	-0.957361558829	 	 	5.75285230029	 	 	0.990279477398	 	 	0.139091899995	 	 	7.99530183198
1505239172.72	 	 	0.210453833929	 	 	-0.952059112753	 	 	7.87283496165	 	 	0.9858709502	 	 	0.167506625399	 	 	9.64288051133
1505239172.78	 	 	0.237007954434	 	 	-0.945684588241	 	 	9.49526013706	 	 	0.980834889974	 	 	0.194840751922	 	 	11.2354209156
1505239172.84	 	 	0.264302076257	 	 	-0.938215053276	 	 	10.5949345441	 	 	0.974853051907	 	 	0.222848664318	 	 	12.8764040631
1505239172.9	 	 	0.291792661675	 	 	-0.930155716877	 	 	12.411632858	 	 	0.96782607401	 	 	0.251620131281	 	 	14.5734039371
1505239172.96	 	 	0.319035589788	 	 	-0.92123764711	 	 	13.7571258836	 	 	0.959973584076	 	 	0.280090552992	 	 	16.2656092663
1505239173.02	 	 	0.350616345306	 	 	-0.910574920072	 	 	15.7414901288	 	 	0.949340109242	 	 	0.31425046855	 	 	18.3155712028
1505239173.08	 	 	0.372725940065	 	 	-0.902628463	 	 	17.2854518408	 	 	0.940973185044	 	 	0.338481114728	 	 	19.7843623654
1505239173.14	 	 	0.401725629833	 	 	-0.890010320207	 	 	19.3376805502	 	 	0.929578154334	 	 	0.368625087297	 	 	21.6308478216
1505239173.2	 	 	0.426872409945	 	 	-0.877907161294	 	 	20.7450543947	 	 	0.918884051918	 	 	0.39452769121	 	 	23.2365206303
1505239173.26	 	 	0.452376564159	 	 	-0.865454509066	 	 	22.2811194685	 	 	0.906728976799	 	 	0.421713839746	 	 	24.9428367257
1505239173.32	 	 	0.477284928133	 	 	-0.851904655173	 	 	24.3649350014	 	 	0.894153503972	 	 	0.447760551338	 	 	26.6000937784
1505239173.39	 	 	0.501901594934	 	 	-0.837862420263	 	 	25.5671821144	 	 	0.880607100165	 	 	0.473847164325	 	 	28.284315522
1505239173.45	 	 	0.526327282247	 	 	-0.823351307815	 	 	27.5968378075	 	 	0.865955194583	 	 	0.500121586191	 	 	30.0080444037
1505239173.51	 	 	0.55007138869	 	 	-0.808547621125	 	 	29.3231847216	 	 	0.850557827101	 	 	0.525881529203	 	 	31.7276063422
1505239173.57	 	 	0.572618252591	 	 	-0.792406737556	 	 	30.6986073154	 	 	0.835594097791	 	 	0.549347343434	 	 	33.322249517
1505239173.63	 	 	0.595178645107	 	 	-0.775654662555	 	 	32.3151501365	 	 	0.819417010993	 	 	0.57319783853	 	 	34.9735231703
1505239173.69	 	 	0.617480239458	 	 	-0.757966032025	 	 	34.0578683932	 	 	0.802432501485	 	 	0.59674289318	 	 	36.6369789837
1505239173.75	 	 	0.639283425428	 	 	-0.739774200417	 	 	35.8187486949	 	 	0.784668461604	 	 	0.619915643749	 	 	38.3099745951
1505239173.81	 	 	0.660397856003	 	 	-0.721103771302	 	 	37.3691274936	 	 	0.766367765415	 	 	0.642402092254	 	 	39.971171567
1505239173.87	 	 	0.680741862795	 	 	-0.702416936551	 	 	39.0228507793	 	 	0.747467592328	 	 	0.664298275189	 	 	41.6285134781
1505239173.93	 	 	0.700680585247	 	 	-0.682830736345	 	 	40.8563202049	 	 	0.727903798082	 	 	0.685679269584	 	 	43.2890512923
1505239173.99	 	 	0.719537665945	 	 	-0.662158104505	 	 	42.5574722694	 	 	0.708716918671	 	 	0.705492968915	 	 	44.8693840313
1505239174.05	 	 	0.738067035371	 	 	-0.641094339721	 	 	44.1012854126	 	 	0.68850610023	 	 	0.725230549512	 	 	46.4880302124
1505239174.11	 	 	0.75612476657	 	 	-0.619610099151	 	 	46.0680647458	 	 	0.667481339554	 	 	0.744626524741	 	 	48.1270302571
1505239174.17	 	 	0.773956012584	 	 	-0.597692096068	 	 	47.5910924254	 	 	0.645228055199	 	 	0.763990024008	 	 	49.8172235823
1505239174.23	 	 	0.790946638198	 	 	-0.575990484047	 	 	48.7940484636	 	 	0.622579144708	 	 	0.782556840475	 	 	51.4952771239
1505239174.29	 	 	0.806749416576	 	 	-0.553943106273	 	 	50.8400380805	 	 	0.600381084505	 	 	0.799714044749	 	 	53.1028043087
1505239174.35	 	 	0.822121247506	 	 	-0.530726662689	 	 	52.4485432911	 	 	0.577502662319	 	 	0.816388801377	 	 	54.7249157722
1505239174.41	 	 	0.839251583192	 	 	-0.503213031419	 	 	53.8750932428	 	 	0.550139576013	 	 	0.83507271953	 	 	56.6234110069
1505239174.47	 	 	0.850967691111	 	 	-0.483500724913	 	 	55.592423406	 	 	0.530125124915	 	 	0.847919425378	 	 	57.9860905966
1505239174.53	 	 	0.866293585203	 	 	-0.455343943623	 	 	57.7291104431	 	 	0.502171183949	 	 	0.86476823601	 	 	59.856251365
1505239174.59	 	 	0.879192459501	 	 	-0.431108305247	 	 	59.2217722902	 	 	0.476823563889	 	 	0.878999026689	 	 	61.5218513605
1505239174.65	 	 	0.891255382551	 	 	-0.406652857877	 	 	60.9626688256	 	 	0.451397714401	 	 	0.892322869501	 	 	63.1666047259
1505239174.71	 	 	0.902087841795	 	 	-0.381470768896	 	 	62.4406958489	 	 	0.426631318274	 	 	0.904425628931	 	 	64.746035696
1505239174.77	 	 	0.912719483351	 	 	-0.355478048467	 	 	64.1364020984	 	 	0.400400021117	 	 	0.916340451519	 	 	66.3968118904
1505239174.83	 	 	0.922536781947	 	 	-0.329317796669	 	 	65.5986370739	 	 	0.374005360324	 	 	0.927426541807	 	 	68.0371486297
1505239174.89	 	 	0.931541799653	 	 	-0.30249629149	 	 	67.342996274	 	 	0.347297678046	 	 	0.93775493751	 	 	69.6778821673
1505239174.96	 	 	0.939727734358	 	 	-0.27599398045	 	 	68.8976014999	 	 	0.320615882655	 	 	0.94720929883	 	 	71.2998250616
1505239175.02	 	 	0.947716032618	 	 	-0.249635382268	 	 	70.5732621843	 	 	0.292703513074	 	 	0.956203249019	 	 	72.980119071
1505239175.08	 	 	0.954648204521	 	 	-0.222598813975	 	 	71.9178845256	 	 	0.264954917704	 	 	0.964260800606	 	 	74.6357259816
1505239175.14	 	 	0.960065657154	 	 	-0.195648694474	 	 	73.2111511888	 	 	0.238681857887	 	 	0.971097817275	 	 	76.1912443921
1505239175.2	 	 	0.966321159793	 	 	-0.163390411785	 	 	75.5755176436	 	 	0.205531866342	 	 	0.978650423756	 	 	78.1393642364
1505239175.26	 	 	0.969992522844	 	 	-0.136233292231	 	 	77.5079618086	 	 	0.179096342882	 	 	0.983831540441	 	 	79.6828712329
1505239175.32	 	 	0.973264839866	 	 	-0.109372650769	 	 	79.4112038973	 	 	0.152085657256	 	 	0.988367316769	 	 	81.2521871575
1505239175.38	 	 	0.975535111223	 	 	-0.0817067656669	 	 	81.4173718252	 	 	0.124865229543	 	 	0.992173711832	 	 	82.8270269731
1505239175.44	 	 	0.977451658414	 	 	-0.0540417991574	 	 	82.7985411279	 	 	0.0967244219524	 	 	0.995311200679	 	 	84.4494209477
1505239175.51	 	 	0.978188263338	 	 	-0.0260028609952	 	 	84.1900217212	 	 	0.0689676875992	 	 	0.997618894201	 	 	86.0453032288
1505239175.57	 	 	0.977654678123	 	 	0.00192084197731	 	 	85.8214415336	 	 	0.0421816536219	 	 	0.999109957961	 	 	87.5824519922
1505239175.62	 	 	0.9771573426	 	 	0.0302598878518	 	 	87.2722717544	 	 	0.0132612656951	 	 	0.99991206555	 	 	89.2401631726
1505239175.69	 	 	0.975798147143	 	 	0.0575235619486	 	 	89.3731140504	 	 	-0.0144019659006	 	 	0.999896286311	 	 	90.8252003912
1505239175.75	 	 	0.973591047435	 	 	0.0852574868329	 	 	91.1101722551	 	 	-0.0425128914259	 	 	0.999095918349	 	 	92.436543576
1505239175.81	 	 	0.970981807971	 	 	0.112877213454	 	 	92.5439623552	 	 	-0.0712468918052	 	 	0.997458711129	 	 	94.0856076937
1505239175.87	 	 	0.967323664566	 	 	0.140409418443	 	 	93.7207426548	 	 	-0.0994404842312	 	 	0.99504351166	 	 	95.7069519921
1505239175.93	 	 	0.962894210049	 	 	0.168086872025	 	 	95.150109994	 	 	-0.127919297448	 	 	0.991784580108	 	 	97.3493729682
1505239175.99	 	 	0.95755898476	 	 	0.195438037278	 	 	96.4514080576	 	 	-0.155842514644	 	 	0.987781914508	 	 	98.9656625977
1505239176.05	 	 	0.952199713835	 	 	0.22294447637	 	 	98.1705458453	 	 	-0.185331715992	 	 	0.982676017336	 	 	100.680472772
1505239176.11	 	 	0.945724951887	 	 	0.249735708684	 	 	100.251647043	 	 	-0.213313446189	 	 	0.976983814439	 	 	102.316599687
1505239176.17	 	 	0.937550847811	 	 	0.280262426533	 	 	102.969509921	 	 	-0.245513424267	 	 	0.96939319087	 	 	104.212177528
1505239176.23	 	 	0.929280833206	 	 	0.306493728491	 	 	104.08488699	 	 	-0.272615478309	 	 	0.962123069563	 	 	105.819962508
1505239176.29	 	 	0.919937944975	 	 	0.332579308566	 	 	105.603396935	 	 	-0.299172424692	 	 	0.95419906744	 	 	107.407903822
1505239176.35	 	 	0.910115038105	 	 	0.358226481132	 	 	106.958409919	 	 	-0.325598530066	 	 	0.945508115893	 	 	109.001840687
1505239176.42	 	 	0.899259365728	 	 	0.383874389784	 	 	108.419516522	 	 	-0.351821075206	 	 	0.936067268438	 	 	110.598740729
1505239176.48	 	 	0.888277393419	 	 	0.409503746883	 	 	110.361944521	 	 	-0.379011723905	 	 	0.925391870044	 	 	112.272479992
1505239176.54	 	 	0.876571658487	 	 	0.434221442158	 	 	112.352767794	 	 	-0.404913410116	 	 	0.914355035152	 	 	113.885701088
1505239176.6	 	 	0.864478895957	 	 	0.458430144408	 	 	113.440622409	 	 	-0.430545965518	 	 	0.902568652002	 	 	115.502213473
1505239176.66	 	 	0.850839906898	 	 	0.482761724208	 	 	114.793083843	 	 	-0.45566002339	 	 	0.890153887305	 	 	117.107409339
1505239176.72	 	 	0.836991457214	 	 	0.506670521579	 	 	116.303617184	 	 	-0.480862166592	 	 	0.876796200232	 	 	118.741726622
1505239176.78	 	 	0.822314592373	 	 	0.530650659266	 	 	117.709359948	 	 	-0.506301055477	 	 	0.862356794618	 	 	120.417757468
1505239176.9	 	 	0.791107484339	 	 	0.57611388181	 	 	121.50273759	 	 	-0.554040664693	 	 	0.83248960466	 	 	123.644663542
1505239176.96	 	 	0.775255834709	 	 	0.597597923398	 	 	123.377710111	 	 	-0.576856353249	 	 	0.816845608249	 	 	125.229737669
1505239177.03	 	 	0.755253270759	 	 	0.622538862157	 	 	124.883550784	 	 	-0.603080506432	 	 	0.797680326172	 	 	127.090842719
1505239177.08	 	 	0.737334559918	 	 	0.643207521705	 	 	126.401339156	 	 	-0.624683578416	 	 	0.780877984616	 	 	128.658966718
1505239177.15	 	 	0.718794832011	 	 	0.663495689507	 	 	128.182023644	 	 	-0.646000504536	 	 	0.763336982033	 	 	130.240731372
1505239177.2	 	 	0.699231900074	 	 	0.683957065489	 	 	129.921832653	 	 	-0.66769258333	 	 	0.744437112298	 	 	131.889226102
1505239177.26	 	 	0.679732691224	 	 	0.703201527193	 	 	131.489834284	 	 	-0.688140488524	 	 	0.725577472124	 	 	133.483092077
1505239177.33	 	 	0.66007894572	 	 	0.721972809188	 	 	133.385007985	 	 	-0.708328775051	 	 	0.705882671862	 	 	135.099102047
1505239177.39	 	 	0.639171309988	 	 	0.740513984392	 	 	135.124198911	 	 	-0.7281695717	 	 	0.685397019872	 	 	136.733161485
1505239177.45	 	 	0.617372184997	 	 	0.758109538284	 	 	136.363521038	 	 	-0.746821076412	 	 	0.665025021956	 	 	138.315754962
1505239177.51	 	 	0.595343620896	 	 	0.774928921071	 	 	137.877221958	 	 	-0.764775509798	 	 	0.644296841226	 	 	139.887024507
1505239177.57	 	 	0.573089066688	 	 	0.791332733009	 	 	139.381117237	 	 	-0.782504123463	 	 	0.622645402105	 	 	141.490425851
1505239177.63	 	 	0.550983772755	 	 	0.807709095352	 	 	140.610571291	 	 	-0.800513909039	 	 	0.5993141759	 	 	143.179205113
1505239177.69	 	 	0.528461403713	 	 	0.823035590232	 	 	142.032606736	 	 	-0.817288331902	 	 	0.576228932402	 	 	144.814259416
1505239177.75	 	 	0.505339304698	 	 	0.837673744951	 	 	144.006524718	 	 	-0.833311325824	 	 	0.552803974528	 	 	146.440409185
1505239177.81	 	 	0.481461858722	 	 	0.851753828782	 	 	145.306207648	 	 	-0.848756505006	 	 	0.528783883274	 	 	148.07667651
1505239177.87	 	 	0.453053992957	 	 	0.867101611715	 	 	147.43772952	 	 	-0.865659654461	 	 	0.500632961998	 	 	149.958114728
1505239177.93	 	 	0.427869953351	 	 	0.879599008514	 	 	149.320329339	 	 	-0.879519482817	 	 	0.475862878722	 	 	151.584453147
1505239178.0	 	 	0.402278188588	 	 	0.891646343853	 	 	151.003528206	 	 	-0.892952956232	 	 	0.450149994954	 	 	153.246692123
1505239178.06	 	 	0.376527819099	 	 	0.903353456685	 	 	152.586301772	 	 	-0.905996375338	 	 	0.423285444911	 	 	154.957814169
1505239178.12	 	 	0.350964788637	 	 	0.913940271609	 	 	154.07968211	 	 	-0.917851975048	 	 	0.39692285384	 	 	156.61404839
1505239178.18	 	 	0.324784691177	 	 	0.92386435094	 	 	155.565633579	 	 	-0.92902702477	 	 	0.370011874468	 	 	158.283650386
1505239178.24	 	 	0.298222016769	 	 	0.9332901912	 	 	157.145916522	 	 	-0.939613944761	 	 	0.34223622662	 	 	159.986824224
1505239178.3	 	 	0.271670919358	 	 	0.941730482097	 	 	159.065652303	 	 	-0.949180793543	 	 	0.314731347611	 	 	161.655403739
1505239178.36	 	 	0.245223572997	 	 	0.949035548964	 	 	160.680657644	 	 	-0.957658961876	 	 	0.287905041185	 	 	163.267424614
1505239178.42	 	 	0.214093785772	 	 	0.957415176021	 	 	162.378604979	 	 	-0.967029757412	 	 	0.254663401924	 	 	165.246358944
1505239178.48	 	 	0.187412457157	 	 	0.964048499781	 	 	164.141061531	 	 	-0.974238077865	 	 	0.225521989257	 	 	166.966425102
1505239178.55	 	 	0.160477349309	 	 	0.969256241283	 	 	165.372663194	 	 	-0.980293534515	 	 	0.197546415277	 	 	168.606483377
1505239178.61	 	 	0.132585691881	 	 	0.973866993248	 	 	166.87017309	 	 	-0.98570250861	 	 	0.168494998499	 	 	170.299673389
1505239178.66	 	 	0.104519047933	 	 	0.97763118184	 	 	168.591581381	 	 	-0.990242953837	 	 	0.139351685946	 	 	171.989667146
1505239178.72	 	 	0.0768255641506	 	 	0.980345498612	 	 	170.323288679	 	 	-0.99382203742	 	 	0.110985395157	 	 	173.627877613
1505239178.79	 	 	0.0490464222327	 	 	0.982197678313	 	 	172.308596389	 	 	-0.996576992384	 	 	0.0826698146311	 	 	175.257956609
1505239178.84	 	 	0.0211104568488	 	 	0.983659060847	 	 	174.315613402	 	 	-0.998573695342	 	 	0.0533907760872	 	 	176.939478648
1505239178.91	 	 	-0.00671231651808	 	 	0.984398049108	 	 	175.83815807	 	 	-0.999709922573	 	 	0.0240846571191	 	 	178.61991735
1505239178.97	 	 	-0.0349933810995	 	 	0.983697181132	 	 	177.055193233	 	 	-0.999990085193	 	 	-0.00445303433292	 	 	-179.744859083
1505239179.03	 	 	-0.0629401253502	 	 	0.98274383598	 	 	178.50622881	 	 	-0.999431734213	 	 	-0.0337076941927	 	 	-178.06832547
1505239179.09	 	 	-0.0905416100317	 	 	0.981073387049	 	 	179.860681636	 	 	-0.998032567754	 	 	-0.0626976371304	 	 	-176.405332276
1505239179.15	 	 	-0.118001252314	 	 	0.978278736899	 	 	181.895356489	 	 	-0.99586207408	 	 	-0.0908775517312	 	 	-174.785906003
1505239179.21	 	 	-0.149969625369	 	 	0.974055409513	 	 	183.961308663	 	 	-0.992315990514	 	 	-0.12372944262	 	 	-172.89261138
1505239179.27	 	 	-0.17670824001	 	 	0.969935520585	 	 	185.667607674	 	 	-0.988437325358	 	 	-0.15162998991	 	 	-171.278601316
1505239179.33	 	 	-0.204185016799	 	 	0.964645314058	 	 	187.405874774	 	 	-0.983694955302	 	 	-0.179845030274	 	 	-169.63926661
1505239179.39	 	 	-0.23077640659	 	 	0.958745452261	 	 	188.645696253	 	 	-0.978307177731	 	 	-0.207159518248	 	 	-168.044055515
1505239179.46	 	 	-0.257652256116	 	 	0.952082125376	 	 	189.999666217	 	 	-0.972013562274	 	 	-0.23492474275	 	 	-166.41281334
1505239179.52	 	 	-0.284540046287	 	 	0.94446587021	 	 	191.75747005	 	 	-0.964933158934	 	 	-0.262495711944	 	 	-164.781799458
1505239179.58	 	 	-0.310745192964	 	 	0.936228021496	 	 	193.276632651	 	 	-0.95721904261	 	 	-0.289364310973	 	 	-163.180097919
1505239179.64	 	 	-0.336747039009	 	 	0.927662418913	 	 	195.273447367	 	 	-0.948548618011	 	 	-0.316631519704	 	 	-161.54066472
1505239179.7	 	 	-0.362538968145	 	 	0.91780482665	 	 	197.282578004	 	 	-0.939372533417	 	 	-0.342898299008	 	 	-159.946447189
1505239179.76	 	 	-0.388030039909	 	 	0.907261402244	 	 	198.780927774	 	 	-0.929461183814	 	 	-0.368919920557	 	 	-158.350978597
1505239179.82	 	 	-0.417708242186	 	 	0.894251999643	 	 	200.139555424	 	 	-0.916658468511	 	 	-0.399671430186	 	 	-156.442360399
1505239179.88	 	 	-0.442859603576	 	 	0.882255171333	 	 	201.929146299	 	 	-0.904870357043	 	 	-0.425687252505	 	 	-154.805827991
1505239179.94	 	 	-0.467419192621	 	 	0.869587413426	 	 	203.670501608	 	 	-0.892527176099	 	 	-0.450993614063	 	 	-153.192548915
1505239180.01	 	 	-0.491805324546	 	 	0.856449492493	 	 	205.167549636	 	 	-0.879186494498	 	 	-0.47647781469	 	 	-151.544385922
1505239180.06	 	 	-0.515548697165	 	 	0.842244881179	 	 	206.840604298	 	 	-0.865599354013	 	 	-0.500737214847	 	 	-149.951214261
1505239180.12	 	 	-0.539191015631	 	 	0.827437463591	 	 	208.07434182	 	 	-0.85099902598	 	 	-0.525167266479	 	 	-148.320495767
1505239180.23	 	 	-0.562385041494	 	 	0.811819046769	 	 	209.85325811	 	 	-0.835818946454	 	 	-0.549005180985	 	 	-146.701209034
1505239180.24	 	 	-0.585404469978	 	 	0.795818145561	 	 	211.132748465	 	 	-0.819504052877	 	 	-0.573073387376	 	 	-145.035178318
1505239180.37	 	 	-0.607152101997	 	 	0.779270652087	 	 	213.031574359	 	 	-0.803416330322	 	 	-0.595417668677	 	 	-143.457587519
1505239180.37	 	 	-0.628682750455	 	 	0.76244002683	 	 	214.946784584	 	 	-0.786235486017	 	 	-0.617926986405	 	 	-141.835090432
1505239180.5	 	 	-0.649315683114	 	 	0.745058193688	 	 	216.626983687	 	 	-0.768969245125	 	 	-0.639285773385	 	 	-140.261417985
1505239180.5	 	 	-0.669421419671	 	 	0.726728304955	 	 	217.846407419	 	 	-0.751384663097	 	 	-0.659864446733	 	 	-138.710464451
1505239180.63	 	 	-0.70964746487	 	 	0.688105123188	 	 	221.030610154	 	 	-0.712387969034	 	 	-0.701785851649	 	 	-135.429540691
1505239180.64	 	 	-0.689482470628	 	 	0.707931849504	 	 	219.434675817	 	 	-0.732537422027	 	 	-0.680726762607	 	 	-137.099539027
1505239180.67	 	 	-0.729244475783	 	 	0.667779394658	 	 	222.229292327	 	 	-0.691597788334	 	 	-0.722282838763	 	 	-133.756721114
1505239180.76	 	 	-0.75091983149	 	 	0.644243158055	 	 	224.195799199	 	 	-0.66698281527	 	 	-0.74507309986	 	 	-131.834621963
1505239180.79	 	 	-0.76907049752	 	 	0.624000598056	 	 	226.334100186	 	 	-0.644819340564	 	 	-0.764335016884	 	 	-130.152131597
1505239180.86	 	 	-0.786274158069	 	 	0.602600012599	 	 	227.665596457	 	 	-0.622989253345	 	 	-0.782230394588	 	 	-128.534755705
1505239180.91	 	 	-0.80274898606	 	 	0.580622367046	 	 	229.213734521	 	 	-0.600924903324	 	 	-0.799305486385	 	 	-126.936167726
1505239180.97	 	 	-0.818756467732	 	 	0.558198038996	 	 	230.921292858	 	 	-0.578127714782	 	 	-0.815946288306	 	 	-125.318963535
1505239181.04	 	 	-0.834412480781	 	 	0.535553752297	 	 	232.44067317	 	 	-0.554322794724	 	 	-0.832301771745	 	 	-123.664083225
1505239181.1	 	 	-0.849411005326	 	 	0.512622507025	 	 	233.98001341	 	 	-0.530092313961	 	 	-0.847939938132	 	 	-122.011692322
1505239181.16	 	 	-0.863333861094	 	 	0.489749629096	 	 	236.255872881	 	 	-0.506231962209	 	 	-0.862397356465	 	 	-120.413166956
1505239181.22	 	 	-0.876837133718	 	 	0.466501305989	 	 	237.629059545	 	 	-0.481593740496	 	 	-0.876394585284	 	 	-118.789543545
1505239181.28	 	 	-0.889177030472	 	 	0.442235258186	 	 	238.831577632	 	 	-0.457622494063	 	 	-0.889146586862	 	 	-117.233797482
1505239181.34	 	 	-0.901006539474	 	 	0.417567613156	 	 	240.331480418	 	 	-0.432985818541	 	 	-0.901400732717	 	 	-115.657197473
1505239181.4	 	 	-0.912297841451	 	 	0.392494436897	 	 	241.701386921	 	 	-0.407713760531	 	 	-0.913109790482	 	 	-114.061297501
1505239181.46	 	 	-0.92317446681	 	 	0.367033896545	 	 	243.272826463	 	 	-0.381530079846	 	 	-0.924356423774	 	 	-112.428491573
1505239181.52	 	 	-0.933399034263	 	 	0.341210059671	 	 	245.114856395	 	 	-0.354900027787	 	 	-0.934904257278	 	 	-110.787317441
1505239181.58	 	 	-0.943681435245	 	 	0.311221725011	 	 	247.241302831	 	 	-0.325148439622	 	 	-0.945662990823	 	 	-108.974568398
1505239181.64	 	 	-0.950633431905	 	 	0.289130161123	 	 	248.492358296	 	 	-0.303109625428	 	 	-0.952955694129	 	 	-107.644470534
1505239181.7	 	 	-0.959102464953	 	 	0.258129776161	 	 	250.469312562	 	 	-0.272891930858	 	 	-0.962044694426	 	 	-105.836426316
1505239181.77	 	 	-0.965619170954	 	 	0.231250267116	 	 	252.256761935	 	 	-0.246588967449	 	 	-0.969120158253	 	 	-104.275756227
1505239181.83	 	 	-0.971464098367	 	 	0.203882866943	 	 	253.937926588	 	 	-0.219749396444	 	 	-0.975556355503	 	 	-102.694314274
1505239181.89	 	 	-0.976915121964	 	 	0.176452232858	 	 	255.618388343	 	 	-0.191996077869	 	 	-0.98139569292	 	 	-101.069295992
1505239181.95	 	 	-0.98195568475	 	 	0.149635914195	 	 	257.192643206	 	 	-0.1638514071	 	 	-0.986485031002	 	 	-99.4305168772
1505239182.01	 	 	-0.985470994198	 	 	0.122249938817	 	 	258.420412637	 	 	-0.136891550011	 	 	-0.990586040451	 	 	-97.8680133164
1505239182.07	 	 	-0.988294836474	 	 	0.0942895003242	 	 	259.701431801	 	 	-0.109281465852	 	 	-0.994010845626	 	 	-96.2738968928
1505239182.13	 	 	-0.990278241661	 	 	0.0669034137173	 	 	261.702673357	 	 	-0.0822365734465	 	 	-0.996612836556	 	 	-94.7171356869
1505239182.19	 	 	-0.991247767186	 	 	0.0390882636462	 	 	263.469317352	 	 	-0.0552834065745	 	 	-0.998470703104	 	 	-93.1691215478
1505239182.25	 	 	-0.991726771167	 	 	0.0110032364484	 	 	264.985137602	 	 	-0.0274466073684	 	 	-0.99962327091	 	 	-91.5727722721
1505239182.31	 	 	-0.992050637144	 	 	-0.0212875522212	 	 	266.827120517	 	 	0.0060736403911	 	 	-0.999981555276	 	 	-89.6520038997
1505239182.37	 	 	-0.991546540541	 	 	-0.0487377934424	 	 	268.406286723	 	 	0.0346477669308	 	 	-0.999399585875	 	 	-88.0144317817
1505239182.43	 	 	-0.989296905746	 	 	-0.0768791682918	 	 	269.764156438	 	 	0.0621349842831	 	 	-0.998067755079	 	 	-86.4376328895
1505239182.49	 	 	-0.987308835308	 	 	-0.104721124019	 	 	271.089369419	 	 	0.0912910764017	 	 	-0.995824251246	 	 	-84.7621138845
1505239182.56	 	 	-0.983829303368	 	 	-0.132383735037	 	 	273.053124126	 	 	0.118920723935	 	 	-0.992903752344	 	 	-83.1701814047
1505239182.62	 	 	-0.979405986449	 	 	-0.160020911471	 	 	275.117076618	 	 	0.146271935119	 	 	-0.989244419239	 	 	-81.5890589267
1505239182.67	 	 	-0.974443314554	 	 	-0.187195477098	 	 	276.598109834	 	 	0.17349363646	 	 	-0.984834990294	 	 	-80.0089910304
1505239182.74	 	 	-0.969074216016	 	 	-0.213897888814	 	 	278.46605154	 	 	0.200726079491	 	 	-0.979647406474	 	 	-78.4205786122
1505239182.8	 	 	-0.962615245596	 	 	-0.241068620149	 	 	279.639408285	 	 	0.228101729274	 	 	-0.973637304699	 	 	-76.8146616676
1505239182.86	 	 	-0.954964001452	 	 	-0.26823840368	 	 	280.897407066	 	 	0.254897683967	 	 	-0.966968029827	 	 	-75.232477468
1505239182.92	 	 	-0.947270306643	 	 	-0.295004603893	 	 	282.507212427	 	 	0.282362708439	 	 	-0.959307719599	 	 	-73.5987307276
1505239182.98	 	 	-0.938635222668	 	 	-0.321513383962	 	 	284.321123733	 	 	0.309260517939	 	 	-0.95097735622	 	 	-71.9853284712
1505239183.04	 	 	-0.929426404739	 	 	-0.34745533442	 	 	285.851667035	 	 	0.33566568015	 	 	-0.941981184084	 	 	-70.3869773135
1505239183.1	 	 	-0.919714993103	 	 	-0.372611905217	 	 	287.73020507	 	 	0.361284153887	 	 	-0.932455768468	 	 	-68.8209187309
1505239183.16	 	 	-0.909004641968	 	 	-0.397730277246	 	 	289.474974211	 	 	0.386587123856	 	 	-0.922252891385	 	 	-67.2576937486
1505239183.22	 	 	-0.897372775988	 	 	-0.422870382248	 	 	290.542793288	 	 	0.411835821315	 	 	-0.911258062396	 	 	-65.6797894914
1505239183.28	 	 	-0.885201447354	 	 	-0.447777591527	 	 	291.635240988	 	 	0.437128016987	 	 	-0.899399297734	 	 	-64.0792196011
1505239183.34	 	 	-0.870124856071	 	 	-0.475931561073	 	 	293.878383666	 	 	0.465449985845	 	 	-0.885074183714	 	 	-62.2606517537
1505239183.4	 	 	-0.85669234781	 	 	-0.499724566539	 	 	295.591255476	 	 	0.489670078085	 	 	-0.871907801679	 	 	-60.681100927
1505239183.47	 	 	-0.842384512782	 	 	-0.523540326597	 	 	297.384733946	 	 	0.513951291693	 	 	-0.857819368963	 	 	-59.072616405
1505239183.52	 	 	-0.827509160312	 	 	-0.546238479279	 	 	299.237023952	 	 	0.536759617005	 	 	-0.843735215309	 	 	-57.536676824
1505239183.58	 	 	-0.811590802597	 	 	-0.568869880905	 	 	300.569811818	 	 	0.559386552927	 	 	-0.828906921436	 	 	-55.9866155996
1505239183.65	 	 	-0.79532222962	 	 	-0.591762495417	 	 	302.022351813	 	 	0.582992204863	 	 	-0.812477746815	 	 	-54.3387252291
1505239183.71	 	 	-0.778405865586	 	 	-0.613694714913	 	 	303.748987403	 	 	0.605318497551	 	 	-0.795983364476	 	 	-52.7482357987
1505239183.77	 	 	-0.761181030081	 	 	-0.634707130707	 	 	305.551495688	 	 	0.626684927866	 	 	-0.779272738638	 	 	-51.1940361847
1505239183.83	 	 	-0.742899006013	 	 	-0.655868861918	 	 	307.450253744	 	 	0.648280510914	 	 	-0.76140158863	 	 	-49.5879151284
1505239183.89	 	 	-0.720983317957	 	 	-0.679216848378	 	 	309.623385493	 	 	0.671871578501	 	 	-0.740667659617	 	 	-47.7883210197
1505239183.95	 	 	-0.701221637024	 	 	-0.698489565688	 	 	311.013941757	 	 	0.691127954187	 	 	-0.722732420015	 	 	-46.2805373342
1505239184.01	 	 	-0.680695966002	 	 	-0.718222297109	 	 	312.409899367	 	 	0.711345163761	 	 	-0.702842840181	 	 	-44.6555327959
1505239184.07	 	 	-0.659979301242	 	 	-0.737733854531	 	 	313.78464461	 	 	0.731689583525	 	 	-0.681637992898	 	 	-42.9717745641
1505239184.13	 	 	-0.638796080067	 	 	-0.756421171903	 	 	315.106281818	 	 	0.751109579043	 	 	-0.66017755208	 	 	-41.3134153274
1505239184.2	 	 	-0.617328477544	 	 	-0.774566292954	 	 	317.068997451	 	 	0.770061578854	 	 	-0.637969564143	 	 	-39.640581098
1505239184.26	 	 	-0.595544554222	 	 	-0.792520492054	 	 	318.407930061	 	 	0.788967983259	 	 	-0.61443431007	 	 	-37.9108277442
1505239184.32	 	 	-0.573145741992	 	 	-0.808588245022	 	 	320.146734168	 	 	0.805480841507	 	 	-0.592621813609	 	 	-36.3432816269
1505239184.38	 	 	-0.549845615256	 	 	-0.824177127937	 	 	321.753193739	 	 	0.82151494771	 	 	-0.570186978709	 	 	-34.7632653764
1505239184.44	 	 	-0.526123923003	 	 	-0.839535523289	 	 	323.202561052	 	 	0.8374579026	 	 	-0.546501840228	 	 	-33.1273540003
1505239184.5	 	 	-0.502259924817	 	 	-0.854605448157	 	 	324.842063152	 	 	0.853194817004	 	 	-0.521592373638	 	 	-31.4391255076
1505239184.56	 	 	-0.478023129896	 	 	-0.868562487528	 	 	326.58099944	 	 	0.867713850273	 	 	-0.497064054267	 	 	-29.8059487456
1505239184.62	 	 	-0.45377787543	 	 	-0.881790155513	 	 	328.395442322	 	 	0.881485581124	 	 	-0.472210938322	 	 	-28.1779092945
1505239184.68	 	 	-0.429015755365	 	 	-0.894460313089	 	 	329.985876133	 	 	0.894667782017	 	 	-0.446732089536	 	 	-26.5342107138
1505239184.74	 	 	-0.403171229459	 	 	-0.905700683611	 	 	331.675831334	 	 	0.906461024776	 	 	-0.422289486683	 	 	-24.9792169604