time	 	 	x	 	 	y	 	 	theta	 	 	xcmd	 	 	ycmd	 	 	thetacmd

1505239062.02	 	 	0.0268911277154	 	 	0.105395843934	 	 	359.42002705	 	 	-0.515451734524	 	 	0.856918613041	 	 	121.027654331
1505239062.08	 	 	0.0268880934557	 	 	0.105403827916	 	 	359.419779651	 	 	-0.515491102631	 	 	0.856894931196	 	 	121.03028662
1505239062.14	 	 	0.0268933026163	 	 	0.105427290062	 	 	359.432233894	 	 	-0.515499290017	 	 	0.856890005772	 	 	121.030834066
1505239062.2	 	 	0.0268997343441	 	 	0.105422267536	 	 	359.429130627	 	 	-0.515440118947	 	 	0.856925599909	 	 	121.026877687
1505239062.26	 	 	0.0290840574999	 	 	0.106576932412	 	 	1.86113438482	 	 	-0.501327118582	 	 	0.865257834506	 	 	120.087840368
1505239062.32	 	 	0.0329578085882	 	 	0.108994386713	 	 	7.89302658926	 	 	-0.477918726769	 	 	0.87840405885	 	 	118.549558782
1505239062.38	 	 	0.0391857812646	 	 	0.113519637014	 	 	16.101907797	 	 	-0.444197809427	 	 	0.89592873941	 	 	116.372026262
1505239062.44	 	 	0.0464478774543	 	 	0.120866146144	 	 	27.007020924	 	 	-0.414105503207	 	 	0.910228890013	 	 	114.462998384
1505239062.5	 	 	0.053308766326	 	 	0.130935512462	 	 	40.6425591588	 	 	-0.397551975385	 	 	0.91757965696	 	 	113.425229573
1505239062.56	 	 	0.0570448755336	 	 	0.143777648026	 	 	56.3681926729	 	 	-0.40757544861	 	 	0.913171535743	 	 	114.052619003
1505239062.62	 	 	0.057793159318	 	 	0.15822517564	 	 	71.5388139615	 	 	-0.434592398487	 	 	0.900627252073	 	 	115.759360399
1505239062.68	 	 	0.0549339342432	 	 	0.174333673625	 	 	85.044845714	 	 	-0.476901602968	 	 	0.878956688971	 	 	118.483235582
1505239062.74	 	 	0.0510986283396	 	 	0.194207264833	 	 	94.0919555278	 	 	-0.521571178551	 	 	0.853207774053	 	 	121.437702175
1505239062.8	 	 	0.0446336472747	 	 	0.215825658328	 	 	100.842720274	 	 	-0.569875701085	 	 	0.821730908092	 	 	124.741558468
1505239062.86	 	 	0.0367085678247	 	 	0.240110351769	 	 	104.566057338	 	 	-0.616333628208	 	 	0.787485148266	 	 	128.048888126
1505239062.92	 	 	0.0277854612204	 	 	0.266333579139	 	 	105.19243495	 	 	-0.658344528076	 	 	0.752716734471	 	 	131.173738975
1505239062.98	 	 	0.0182771090826	 	 	0.29377300315	 	 	105.114246922	 	 	-0.695066236516	 	 	0.718945705081	 	 	134.032495639
1505239063.05	 	 	0.00922621350912	 	 	0.322149909311	 	 	104.888257409	 	 	-0.725313307086	 	 	0.68841891793	 	 	136.49491753
1505239063.11	 	 	0.000164733216273	 	 	0.350323342095	 	 	104.370280731	 	 	-0.751418907721	 	 	0.659825450493	 	 	138.713437986
1505239063.17	 	 	-0.0090437685551	 	 	0.378301682828	 	 	104.464943673	 	 	-0.774716066636	 	 	0.632309272505	 	 	140.779297285
1505239063.23	 	 	-0.0181682815465	 	 	0.405004885389	 	 	105.82468381	 	 	-0.795315025264	 	 	0.606196346565	 	 	142.685020705
1505239063.29	 	 	-0.0274774438708	 	 	0.430132890008	 	 	107.953184464	 	 	-0.81413197162	 	 	0.580679888395	 	 	144.501623414
1505239063.35	 	 	-0.0388323003521	 	 	0.453401284944	 	 	111.384417271	 	 	-0.833728445732	 	 	0.552174681399	 	 	146.483666508
1505239063.41	 	 	-0.0515637518906	 	 	0.475501582635	 	 	115.50510492	 	 	-0.853079302439	 	 	0.521781279609	 	 	148.548187768
1505239063.47	 	 	-0.0672173195864	 	 	0.49829291631	 	 	121.27925893	 	 	-0.873907824522	 	 	0.486091672671	 	 	150.915979384
1505239063.53	 	 	-0.0832612592637	 	 	0.516708106362	 	 	126.292967157	 	 	-0.892358856494	 	 	0.451326568282	 	 	153.171172904
1505239063.59	 	 	-0.10067323094	 	 	0.533764617388	 	 	130.821338426	 	 	-0.909952258839	 	 	0.414713017198	 	 	155.498754888
1505239063.66	 	 	-0.118852550625	 	 	0.549532188925	 	 	134.952488513	 	 	-0.926108858044	 	 	0.377256389015	 	 	157.836159717
1505239063.72	 	 	-0.138532151214	 	 	0.564090282805	 	 	139.481960255	 	 	-0.94128818253	 	 	0.337604143087	 	 	160.269027425
1505239063.77	 	 	-0.160197561166	 	 	0.577311663169	 	 	143.228886688	 	 	-0.955520211704	 	 	0.29492562626	 	 	162.846922348
1505239063.84	 	 	-0.18253903147	 	 	0.589854271475	 	 	146.780672669	 	 	-0.967921041238	 	 	0.251254567975	 	 	165.448236528
1505239063.9	 	 	-0.205647730123	 	 	0.600511454769	 	 	150.480564336	 	 	-0.978374804937	 	 	0.206839892341	 	 	168.062774158
1505239063.96	 	 	-0.229100113312	 	 	0.609669835524	 	 	154.881676398	 	 	-0.986745669832	 	 	0.162274406696	 	 	170.661064354
1505239064.02	 	 	-0.25310292138	 	 	0.616902565734	 	 	159.118822669	 	 	-0.993090773811	 	 	0.117348689689	 	 	173.260887504
1505239064.08	 	 	-0.281520363278	 	 	0.623579712726	 	 	163.480883323	 	 	-0.997903130779	 	 	0.064725123266	 	 	176.288929369
1505239064.14	 	 	-0.306442911782	 	 	0.627167113451	 	 	167.050139118	 	 	-0.999813740635	 	 	0.0192998455491	 	 	178.894131644
1505239064.2	 	 	-0.331724059082	 	 	0.629283320435	 	 	170.376506314	 	 	-0.99965358565	 	 	-0.0263193597447	 	 	-178.491837613
1505239064.26	 	 	-0.357612584153	 	 	0.63000663685	 	 	173.827266099	 	 	-0.997361081645	 	 	-0.0726007769864	 	 	-175.83661897
1505239064.32	 	 	-0.383482918373	 	 	0.629369117538	 	 	177.520212162	 	 	-0.992961567562	 	 	-0.118437010033	 	 	-173.198093433
1505239064.38	 	 	-0.409031575193	 	 	0.627464294862	 	 	180.743288612	 	 	-0.986575186945	 	 	-0.163307686602	 	 	-170.601061367
1505239064.45	 	 	-0.433716931049	 	 	0.624333559829	 	 	184.575687342	 	 	-0.978499032223	 	 	-0.206251409544	 	 	-168.097234815
1505239064.51	 	 	-0.459265036883	 	 	0.619437298178	 	 	187.667419209	 	 	-0.968201024266	 	 	-0.250173493019	 	 	-165.512221157
1505239064.57	 	 	-0.484513544129	 	 	0.612480081157	 	 	190.109873132	 	 	-0.956126434212	 	 	-0.292954333987	 	 	-162.965089257
1505239064.63	 	 	-0.509648580615	 	 	0.604711600763	 	 	193.418603591	 	 	-0.942121819162	 	 	-0.335270753063	 	 	-160.410996865
1505239064.69	 	 	-0.538202683935	 	 	0.593322276086	 	 	197.227165894	 	 	-0.923891286222	 	 	-0.382655055166	 	 	-157.501759844
1505239064.75	 	 	-0.562265660046	 	 	0.582844725487	 	 	199.964739862	 	 	-0.906458456017	 	 	-0.422295000581	 	 	-155.020434515
1505239064.81	 	 	-0.586214820781	 	 	0.571631857132	 	 	202.883807178	 	 	-0.887172486717	 	 	-0.461437946871	 	 	-152.520065425
1505239064.87	 	 	-0.609219716622	 	 	0.559010506349	 	 	205.44017493	 	 	-0.866846470583	 	 	-0.498575166287	 	 	-150.094221553
1505239064.93	 	 	-0.631427636212	 	 	0.544779149891	 	 	207.909959554	 	 	-0.845476547491	 	 	-0.534012553826	 	 	-147.723029999
1505239064.99	 	 	-0.653755702182	 	 	0.529438857199	 	 	210.513142366	 	 	-0.822099746891	 	 	-0.569343486976	 	 	-145.295542217
1505239065.05	 	 	-0.674495630375	 	 	0.513153852675	 	 	213.433013329	 	 	-0.798612425766	 	 	-0.601845655806	 	 	-142.997802318
1505239065.12	 	 	-0.694513512475	 	 	0.49614568926	 	 	216.128072712	 	 	-0.774175558952	 	 	-0.632970934499	 	 	-140.730345588
1505239065.18	 	 	-0.714057991596	 	 	0.478389532664	 	 	218.728406822	 	 	-0.748522190245	 	 	-0.663109742584	 	 	-138.462527101
1505239065.24	 	 	-0.733025831005	 	 	0.460187478409	 	 	221.064743922	 	 	-0.721821317922	 	 	-0.692079464364	 	 	-136.205057263
1505239065.3	 	 	-0.7512432182	 	 	0.440695492644	 	 	223.010283529	 	 	-0.694275397002	 	 	-0.71970943659	 	 	-133.969503806
1505239065.36	 	 	-0.768377764579	 	 	0.420230205821	 	 	225.447317286	 	 	-0.666409237436	 	 	-0.745586164209	 	 	-131.790529275
1505239065.42	 	 	-0.78535986286	 	 	0.398971814539	 	 	227.731565902	 	 	-0.63686762044	 	 	-0.770973173356	 	 	-129.558640425
1505239065.48	 	 	-0.803801177166	 	 	0.37366897161	 	 	230.474680721	 	 	-0.602188926179	 	 	-0.79835361663	 	 	-127.026829319
1505239065.54	 	 	-0.818591982084	 	 	0.351253269473	 	 	233.02328273	 	 	-0.572046200437	 	 	-0.820221399724	 	 	-124.893037142
1505239065.6	 	 	-0.832656335262	 	 	0.328134241841	 	 	235.266873785	 	 	-0.541178852483	 	 	-0.840907515501	 	 	-122.763924551
1505239065.66	 	 	-0.846018514523	 	 	0.304311315501	 	 	237.410892415	 	 	-0.509531072459	 	 	-0.860452256781	 	 	-120.632599762
1505239065.72	 	 	-0.858171984212	 	 	0.279703844262	 	 	239.217665491	 	 	-0.477933722416	 	 	-0.878395899909	 	 	-118.55053691
1505239065.79	 	 	-0.869258503217	 	 	0.25465467607	 	 	241.245571221	 	 	-0.446303283967	 	 	-0.894881768012	 	 	-116.506752688
1505239065.84	 	 	-0.879804894687	 	 	0.229797531694	 	 	243.248200563	 	 	-0.41406982686	 	 	-0.91024512	 	 	-114.460752701
1505239065.91	 	 	-0.889449729871	 	 	0.204547356377	 	 	245.595832993	 	 	-0.381623420709	 	 	-0.924317891619	 	 	-112.434277381
1505239065.97	 	 	-0.897797533946	 	 	0.179226939743	 	 	247.803080958	 	 	-0.349919841933	 	 	-0.936779645499	 	 	-110.482412369
1505239066.03	 	 	-0.905718611994	 	 	0.153507440964	 	 	249.941623699	 	 	-0.317176507617	 	 	-0.948366523564	 	 	-108.492257687
1505239066.09	 	 	-0.912593031121	 	 	0.126489935854	 	 	251.654424582	 	 	-0.283810450752	 	 	-0.95888040341	 	 	-106.487756627
1505239066.15	 	 	-0.918597533146	 	 	0.0994006194104	 	 	253.742960705	 	 	-0.250365003912	 	 	-0.968151519555	 	 	-104.499112281
1505239066.21	 	 	-0.923657653607	 	 	0.0722404429036	 	 	255.218987571	 	 	-0.217013814152	 	 	-0.97616853282	 	 	-102.533700226
1505239066.27	 	 	-0.92830896232	 	 	0.0402566735936	 	 	257.793009963	 	 	-0.178163397268	 	 	-0.984000916602	 	 	-100.262801132
1505239066.33	 	 	-0.93140613016	 	 	0.0133711792596	 	 	260.477300673	 	 	-0.145377779684	 	 	-0.989376218217	 	 	-98.3591561801
1505239066.4	 	 	-0.933425834806	 	 	-0.0135826879268	 	 	262.57991683	 	 	-0.113038323804	 	 	-0.993590628655	 	 	-96.490491468
1505239066.45	 	 	-0.934066339647	 	 	-0.0413758725921	 	 	264.263535418	 	 	-0.0807948669263	 	 	-0.996730750744	 	 	-94.6342561622
1505239066.51	 	 	-0.934062469512	 	 	-0.0693009510568	 	 	265.910182039	 	 	-0.0480381903057	 	 	-0.998845499701	 	 	-92.7534452593
1505239066.57	 	 	-0.933057155604	 	 	-0.0971770611646	 	 	267.830323336	 	 	-0.0156148481645	 	 	-0.999878080826	 	 	-90.8947012583
1505239066.64	 	 	-0.931717168126	 	 	-0.125511168296	 	 	269.444013692	 	 	0.018270482856	 	 	-0.999833080797	 	 	-88.9531201939
1505239066.7	 	 	-0.929317327084	 	 	-0.152990008332	 	 	271.07764894	 	 	0.0506545355568	 	 	-0.998716234987	 	 	-87.096466308
1505239066.76	 	 	-0.926614856406	 	 	-0.180156885119	 	 	273.624831584	 	 	0.0834313489063	 	 	-0.996513527264	 	 	-85.2141726492
1505239066.82	 	 	-0.922303511743	 	 	-0.207150501733	 	 	275.442048098	 	 	0.11463668479	 	 	-0.993407484621	 	 	-83.4173299654
1505239066.88	 	 	-0.91667999804	 	 	-0.23450157098	 	 	276.720516657	 	 	0.145599135396	 	 	-0.989343667171	 	 	-81.6280246755
1505239066.94	 	 	-0.910750098535	 	 	-0.261269946378	 	 	278.403585897	 	 	0.17652316042	 	 	-0.984296486753	 	 	-79.8326911724
1505239067.0	 	 	-0.903616522985	 	 	-0.288376269353	 	 	280.587963158	 	 	0.207420029105	 	 	-0.978251977522	 	 	-78.0287979417
1505239067.06	 	 	-0.896025604897	 	 	-0.315219917509	 	 	282.239337268	 	 	0.238490187527	 	 	-0.971144907032	 	 	-76.2025528682
1505239067.12	 	 	-0.886260733722	 	 	-0.345672916918	 	 	284.497171853	 	 	0.273585930209	 	 	-0.961847565258	 	 	-74.1222374486
1505239067.18	 	 	-0.877060461032	 	 	-0.371629809884	 	 	286.5603921	 	 	0.303529974183	 	 	-0.952821890372	 	 	-72.3302545242
1505239067.24	 	 	-0.866200161419	 	 	-0.39714387396	 	 	288.001947415	 	 	0.331766504994	 	 	-0.943361535237	 	 	-70.6239697279
1505239067.31	 	 	-0.854912945906	 	 	-0.422283256866	 	 	289.549307095	 	 	0.359976386297	 	 	-0.932961414694	 	 	-68.9012541668
1505239067.37	 	 	-0.842731350785	 	 	-0.447059271196	 	 	291.578648448	 	 	0.387611705651	 	 	-0.921822740901	 	 	-67.1940258539
1505239067.43	 	 	-0.830013754467	 	 	-0.4712556644	 	 	293.311573441	 	 	0.414707385717	 	 	-0.909954825379	 	 	-65.4991094779
1505239067.49	 	 	-0.81695625311	 	 	-0.495839573387	 	 	295.03402083	 	 	0.443046659475	 	 	-0.896498554114	 	 	-63.7015678244
1505239067.55	 	 	-0.803032734718	 	 	-0.519257274131	 	 	296.948137926	 	 	0.469472159092	 	 	-0.882947275797	 	 	-61.9999613048
1505239067.61	 	 	-0.788258197754	 	 	-0.542354044769	 	 	298.46239552	 	 	0.495450908837	 	 	-0.868635940387	 	 	-60.3005118292
1505239067.67	 	 	-0.769790090121	 	 	-0.569333319055	 	 	299.964909613	 	 	0.525853208045	 	 	-0.85057533681	 	 	-58.2743014248
1505239067.73	 	 	-0.753165070363	 	 	-0.591897263908	 	 	301.810380731	 	 	0.551246369743	 	 	-0.834342519499	 	 	-56.5474387757
1505239067.79	 	 	-0.736207836158	 	 	-0.613504464134	 	 	303.841088876	 	 	0.575574723939	 	 	-0.817749189643	 	 	-54.8601095951
1505239067.85	 	 	-0.718530664722	 	 	-0.635181532019	 	 	305.87159008	 	 	0.600253926193	 	 	-0.799809492373	 	 	-53.1119140647
1505239067.92	 	 	-0.700459340418	 	 	-0.656080997098	 	 	308.060001889	 	 	0.624072726754	 	 	-0.781366259652	 	 	-51.3858396183
1505239067.98	 	 	-0.681503798424	 	 	-0.676147544575	 	 	309.261167953	 	 	0.646689170067	 	 	-0.762753641301	 	 	-49.7075579041
1505239068.04	 	 	-0.661621458367	 	 	-0.69609743334	 	 	310.901343383	 	 	0.669277304569	 	 	-0.743012711593	 	 	-47.9886886981
1505239068.1	 	 	-0.641292748164	 	 	-0.715889077921	 	 	312.185549253	 	 	0.691965340387	 	 	-0.721930722232	 	 	-46.214115359
1505239068.16	 	 	-0.620619117626	 	 	-0.734697461882	 	 	314.070714163	 	 	0.713485425601	 	 	-0.700670070329	 	 	-44.4807885886
1505239068.22	 	 	-0.599619173372	 	 	-0.752892359738	 	 	315.846430056	 	 	0.734387747374	 	 	-0.678730164724	 	 	-42.7444931515
1505239068.28	 	 	-0.57813153441	 	 	-0.771026987594	 	 	317.373939746	 	 	0.755390212986	 	 	-0.655275229293	 	 	-40.9405225922
1505239068.34	 	 	-0.556300948124	 	 	-0.788087714999	 	 	319.110347831	 	 	0.775050193614	 	 	-0.631899673507	 	 	-39.1904164786
1505239068.4	 	 	-0.533403047694	 	 	-0.803885978376	 	 	320.597320594	 	 	0.793068289155	 	 	-0.609132734908	 	 	-37.5268204368
1505239068.46	 	 	-0.51011584245	 	 	-0.819458624823	 	 	322.436997131	 	 	0.810983204627	 	 	-0.585069433326	 	 	-35.8078953089
1505239068.52	 	 	-0.486310726453	 	 	-0.834450597271	 	 	324.345013744	 	 	0.828281138689	 	 	-0.560312729903	 	 	-34.0774278576
1505239068.58	 	 	-0.462379071355	 	 	-0.848260090796	 	 	326.146079438	 	 	0.844251897998	 	 	-0.535946576373	 	 	-32.4081286869
1505239068.64	 	 	-0.437528944281	 	 	-0.861518145712	 	 	328.259760852	 	 	0.859670472084	 	 	-0.510848979081	 	 	-30.7203963723
1505239068.7	 	 	-0.408632880673	 	 	-0.876564311406	 	 	330.053119449	 	 	0.877204436264	 	 	-0.480117045103	 	 	-28.6930466923
1505239068.76	 	 	-0.383122297559	 	 	-0.888425628166	 	 	331.610543282	 	 	0.891127562796	 	 	-0.453752869771	 	 	-26.9847203481
1505239068.83	 	 	-0.357272188729	 	 	-0.899195410554	 	 	332.788018849	 	 	0.903934142255	 	 	-0.427671680693	 	 	-25.3198896471
1505239068.88	 	 	-0.330966405888	 	 	-0.909643367186	 	 	334.534096285	 	 	0.916369997568	 	 	-0.400332396338	 	 	-23.5989598209
1505239068.95	 	 	-0.30443626888	 	 	-0.918995156787	 	 	336.388900653	 	 	0.927705555126	 	 	-0.373312741529	 	 	-21.9200682908
1505239069.01	 	 	-0.278050106236	 	 	-0.927401232048	 	 	338.364372813	 	 	0.938055366272	 	 	-0.346485396242	 	 	-20.2724962733
1505239069.07	 	 	-0.25148316251	 	 	-0.935227827476	 	 	340.07981512	 	 	0.947742597844	 	 	-0.319035998334	 	 	-18.6046361726
1505239069.13	 	 	-0.224448442253	 	 	-0.941892889745	 	 	341.595939545	 	 	0.956419886423	 	 	-0.291994864431	 	 	-16.977423454
1505239069.19	 	 	-0.196806933122	 	 	-0.947971697304	 	 	343.2079349	 	 	0.964504564158	 	 	-0.264066176779	 	 	-15.311472261
1505239069.25	 	 	-0.169701341031	 	 	-0.95301232298	 	 	344.545663118	 	 	0.971549801654	 	 	-0.23683534978	 	 	-13.699835093
1505239069.31	 	 	-0.136916820726	 	 	-0.958434448846	 	 	347.516148774	 	 	0.979168737001	 	 	-0.203048231904	 	 	-11.715268206
1505239069.37	 	 	-0.109342091458	 	 	-0.961967495524	 	 	349.53420528	 	 	0.984593874703	 	 	-0.174856803977	 	 	-10.0703250946
1505239069.43	 	 	-0.0817167476772	 	 	-0.96473111619	 	 	351.255229922	 	 	0.989209513021	 	 	-0.146507813266	 	 	-8.42460307675
1505239069.5	 	 	-0.0535576151842	 	 	-0.966534616202	 	 	352.573149653	 	 	0.993020754155	 	 	-0.117939738078	 	 	-6.77321388086
1505239069.56	 	 	-0.0251431458068	 	 	-0.967577699762	 	 	354.228651253	 	 	0.996037024195	 	 	-0.0889395661832	 	 	-5.10260405534
1505239069.62	 	 	0.00333399753941	 	 	-0.968191004372	 	 	355.600156849	 	 	0.998255875738	 	 	-0.0590356380096	 	 	-3.38446076774
1505239069.68	 	 	0.0319299363744	 	 	-0.967766248625	 	 	356.927216578	 	 	0.999569417787	 	 	-0.02934244408	 	 	-1.68143954596
1505239069.74	 	 	0.0599116394002	 	 	-0.966806509241	 	 	358.536202318	 	 	0.999999963066	 	 	0.00027178507785	 	 	0.0155721380871
1505239069.8	 	 	0.0878791931923	 	 	-0.965289336536	 	 	0.590213119074	 	 	0.999538902231	 	 	0.0303641717576	 	 	1.74000633602
1505239069.87	 	 	0.115771273063	 	 	-0.962754334016	 	 	2.0885137579	 	 	0.998197833996	 	 	0.0600090343727	 	 	3.44033133334
1505239069.92	 	 	0.143575141554	 	 	-0.958598565762	 	 	3.6513361577	 	 	0.996106772311	 	 	0.0881549667085	 	 	5.05747253796
1505239069.98	 	 	0.176121617452	 	 	-0.953611535276	 	 	5.72648509848	 	 	0.992433332246	 	 	0.122784693859	 	 	7.05284257546
1505239070.04	 	 	0.204209595489	 	 	-0.948470420574	 	 	7.17635266211	 	 	0.988252411846	 	 	0.152830528626	 	 	8.79099563899
1505239070.1	 	 	0.231026148379	 	 	-0.942370275572	 	 	8.34771189376	 	 	0.983499139534	 	 	0.180912803682	 	 	10.4229325437
1505239070.17	 	 	0.257909600691	 	 	-0.935890585407	 	 	10.3759882477	 	 	0.97774349569	 	 	0.209803852768	 	 	12.1108577674
1505239070.22	 	 	0.285122750021	 	 	-0.928366285387	 	 	12.3941693689	 	 	0.97105228852	 	 	0.238867019405	 	 	13.8196805858
1505239070.29	 	 	0.311942856873	 	 	-0.91943908761	 	 	13.6614252841	 	 	0.963816788907	 	 	0.26656555933	 	 	15.4599993633
1505239070.35	 	 	0.33861337916	 	 	-0.909867153576	 	 	15.300066302	 	 	0.955673866508	 	 	0.294427343965	 	 	17.1232015944
1505239070.41	 	 	0.369582189001	 	 	-0.898039183452	 	 	17.6100156016	 	 	0.94488778005	 	 	0.327394384669	 	 	19.1107013322
1505239070.47	 	 	0.394939110217	 	 	-0.887191603015	 	 	19.2158452533	 	 	0.935202461492	 	 	0.354113479014	 	 	20.7391213437
1505239070.53	 	 	0.419876342664	 	 	-0.875471147124	 	 	21.0969138961	 	 	0.924907732836	 	 	0.380191643438	 	 	22.3455539962
1505239070.6	 	 	0.444638880858	 	 	-0.863303542202	 	 	23.3215657085	 	 	0.913631178492	 	 	0.406544056269	 	 	23.9879218999
1505239070.66	 	 	0.469554470505	 	 	-0.849708790908	 	 	24.6193854098	 	 	0.901578532138	 	 	0.432615476363	 	 	25.6336597167
1505239070.72	 	 	0.494066280487	 	 	-0.835163417108	 	 	26.1900618903	 	 	0.888893917642	 	 	0.458113089946	 	 	27.265415516
1505239070.78	 	 	0.517874727077	 	 	-0.820057500525	 	 	27.9483487837	 	 	0.875645722101	 	 	0.482954003365	 	 	28.8785110257
1505239070.84	 	 	0.541841483917	 	 	-0.804533588078	 	 	29.4803652563	 	 	0.860959401936	 	 	0.50867367557	 	 	30.575524258
1505239070.9	 	 	0.565164607623	 	 	-0.788610505488	 	 	31.1451748971	 	 	0.845548934095	 	 	0.533897930368	 	 	32.2692025956
1505239070.96	 	 	0.59144012672	 	 	-0.769153860884	 	 	33.03741014	 	 	0.827034463212	 	 	0.562151222234	 	 	34.2047000319
1505239071.02	 	 	0.61342118704	 	 	-0.751788985604	 	 	34.6826471065	 	 	0.810419060159	 	 	0.585850618273	 	 	35.8631050467
1505239071.09	 	 	0.63505142269	 	 	-0.732992512717	 	 	36.0893861174	 	 	0.793312109408	 	 	0.608815158374	 	 	37.5038804222
1505239071.15	 	 	0.655683191351	 	 	-0.714021768622	 	 	37.9327514516	 	 	0.775902362411	 	 	0.630853012995	 	 	39.1130843635
1505239071.21	 	 	0.675793516234	 	 	-0.694387444272	 	 	39.655550168	 	 	0.757856248928	 	 	0.652421570735	 	 	40.7244277235
1505239071.27	 	 	0.695666814024	 	 	-0.674533601189	 	 	41.5813589492	 	 	0.738573760525	 	 	0.674172678373	 	 	42.3899368397
1505239071.33	 	 	0.718025655683	 	 	-0.650916773552	 	 	43.4829103491	 	 	0.71532347675	 	 	0.698793477081	 	 	44.3302844716
1505239071.39	 	 	0.736073405193	 	 	-0.629955276386	 	 	45.0401129149	 	 	0.695521657999	 	 	0.718505130987	 	 	45.9311988024
1505239071.46	 	 	0.754187252665	 	 	-0.607852688989	 	 	46.4839244921	 	 	0.67429487454	 	 	0.738462200907	 	 	47.6005829245
1505239071.52	 	 	0.771308690595	 	 	-0.586008388189	 	 	48.1043291075	 	 	0.652831542834	 	 	0.757503119915	 	 	49.2445701645
1505239071.58	 	 	0.787419671746	 	 	-0.563671885141	 	 	50.2239333469	 	 	0.631469196257	 	 	0.775400963488	 	 	50.8413994595
1505239071.64	 	 	0.803082578406	 	 	-0.540818269724	 	 	51.8744737212	 	 	0.609287235503	 	 	0.792949597801	 	 	52.4620167231
1505239071.7	 	 	0.818084344986	 	 	-0.517962602997	 	 	53.5227401692	 	 	0.58655907891	 	 	0.80990644333	 	 	54.0867916847
1505239071.76	 	 	0.833028857991	 	 	-0.494740440024	 	 	55.3155535092	 	 	0.562283383367	 	 	0.826944615309	 	 	55.7861435341
1505239071.82	 	 	0.84627330134	 	 	-0.470689034754	 	 	56.4924488583	 	 	0.539443841076	 	 	0.842021580676	 	 	57.3542132789
1505239071.88	 	 	0.861593564281	 	 	-0.442421236685	 	 	57.9555654266	 	 	0.51089339521	 	 	0.859644076773	 	 	59.2766433122
1505239071.94	 	 	0.873676396656	 	 	-0.41823283705	 	 	59.7180260956	 	 	0.486569705914	 	 	0.87364175798	 	 	60.8846334507
1505239072.0	 	 	0.885154579561	 	 	-0.393369380236	 	 	61.4573500011	 	 	0.461670135303	 	 	0.887051681792	 	 	62.5050691047
1505239072.06	 	 	0.896088893183	 	 	-0.368262100377	 	 	62.9933564239	 	 	0.436094958009	 	 	0.899900654294	 	 	64.1450117586
1505239072.13	 	 	0.906706542074	 	 	-0.342708532315	 	 	64.8049440808	 	 	0.409342490091	 	 	0.912380800876	 	 	65.8364622515
1505239072.19	 	 	0.916477763146	 	 	-0.31640410248	 	 	66.31164464	 	 	0.382326347638	 	 	0.924027361014	 	 	67.5221433749
1505239072.25	 	 	0.925005823702	 	 	-0.289719825059	 	 	67.4441922448	 	 	0.355906219846	 	 	0.934521675872	 	 	69.1510052799
1505239072.31	 	 	0.933116704807	 	 	-0.263160782284	 	 	69.0874456142	 	 	0.328629092276	 	 	0.944459061956	 	 	70.8144119152
1505239072.37	 	 	0.940190985767	 	 	-0.236549286872	 	 	71.2893702267	 	 	0.301718273389	 	 	0.953397127908	 	 	72.4391641269
1505239072.43	 	 	0.946292729371	 	 	-0.209859634429	 	 	72.7912058036	 	 	0.275061483744	 	 	0.96142663795	 	 	74.0343217751
1505239072.49	 	 	0.951872320462	 	 	-0.183468544948	 	 	74.6010713481	 	 	0.248000190233	 	 	0.968759983507	 	 	75.6407947573
1505239072.55	 	 	0.956487867422	 	 	-0.15637269854	 	 	76.5611805671	 	 	0.220821759283	 	 	0.975314180471	 	 	77.2426965558
1505239072.61	 	 	0.960222233843	 	 	-0.128981468529	 	 	77.969587228	 	 	0.193556245638	 	 	0.981089180337	 	 	78.839604188
1505239072.67	 	 	0.963696967491	 	 	-0.0968510676384	 	 	79.5698798455	 	 	0.161284746088	 	 	0.986907913982	 	 	80.7185246615
1505239072.73	 	 	0.965627167943	 	 	-0.0693180192794	 	 	81.5383562886	 	 	0.133935835456	 	 	0.990990005994	 	 	82.302911079
1505239072.8	 	 	0.967002670282	 	 	-0.0421555673087	 	 	83.1104647947	 	 	0.106409709416	 	 	0.994322369125	 	 	83.8916079712
1505239072.86	 	 	0.967866127214	 	 	-0.0146642971706	 	 	84.6152007744	 	 	0.078007558631	 	 	0.996952767586	 	 	85.5259507071
1505239072.92	 	 	0.967547452554	 	 	0.0127588694329	 	 	86.4814255806	 	 	0.0503958257101	 	 	0.998729323066	 	 	87.1113082467
1505239072.98	 	 	0.966292888326	 	 	0.0397194976164	 	 	87.8796880994	 	 	0.0235262868286	 	 	0.99972321861	 	 	88.6519186802
1505239073.04	 	 	0.964772776179	 	 	0.0672024497069	 	 	89.7354718361	 	 	-0.00493661712512	 	 	0.999987814831	 	 	90.2828484752
1505239073.1	 	 	0.962279294527	 	 	0.0948734233843	 	 	91.1766283686	 	 	-0.0333424044972	 	 	0.999443987456	 	 	91.9107332002
1505239073.16	 	 	0.959220597106	 	 	0.122028748794	 	 	92.8211112281	 	 	-0.0615843648514	 	 	0.998101881576	 	 	93.5307584053
1505239073.22	 	 	0.954810072173	 	 	0.153946184273	 	 	94.8738526108	 	 	-0.0951638044019	 	 	0.99546162675	 	 	95.4607478274
1505239073.29	 	 	0.950178536385	 	 	0.181159478738	 	 	96.3881675602	 	 	-0.123825233376	 	 	0.992304041904	 	 	97.112919559
1505239073.35	 	 	0.944499087892	 	 	0.207880194826	 	 	97.8981071645	 	 	-0.151439472184	 	 	0.988466532698	 	 	98.7103552927
1505239073.41	 	 	0.938138814594	 	 	0.234983772307	 	 	99.395824484	 	 	-0.17985683091	 	 	0.983692797765	 	 	100.361420725
1505239073.47	 	 	0.93128109252	 	 	0.262003522262	 	 	100.802514694	 	 	-0.208719596579	 	 	0.977975526281	 	 	102.047327888
1505239073.53	 	 	0.923687911834	 	 	0.288275332011	 	 	102.038002834	 	 	-0.23663480636	 	 	0.971598666333	 	 	103.688008625
1505239073.59	 	 	0.915776925277	 	 	0.313693709494	 	 	104.333659676	 	 	-0.263984589374	 	 	0.964526897797	 	 	105.306625669
1505239073.65	 	 	0.907060843104	 	 	0.339397109569	 	 	105.908266607	 	 	-0.291767390124	 	 	0.956489304729	 	 	106.963796756
1505239073.71	 	 	0.897426950182	 	 	0.364082373486	 	 	107.397567996	 	 	-0.317808769841	 	 	0.948154832194	 	 	108.530460215
1505239073.77	 	 	0.886169305157	 	 	0.389088342145	 	 	109.228976238	 	 	-0.343363431992	 	 	0.939202615824	 	 	110.081925545
1505239073.84	 	 	0.874601601299	 	 	0.414180461575	 	 	110.607589232	 	 	-0.369838593709	 	 	0.92909602012	 	 	111.705663286
1505239073.89	 	 	0.86118516592	 	 	0.44290592585	 	 	112.325375761	 	 	-0.401272918812	 	 	0.915958538706	 	 	113.657778927
1505239073.95	 	 	0.848615375841	 	 	0.466928067398	 	 	113.954447166	 	 	-0.427082030433	 	 	0.904212883828	 	 	115.282520485
1505239074.02	 	 	0.835578757902	 	 	0.490717817417	 	 	115.66747082	 	 	-0.452961727307	 	 	0.891529962253	 	 	116.933864678
1505239074.08	 	 	0.82188350798	 	 	0.514307880871	 	 	117.063445767	 	 	-0.478747783513	 	 	0.877952481505	 	 	118.603649678
1505239074.14	 	 	0.806839848397	 	 	0.537353000046	 	 	118.510744991	 	 	-0.503245552158	 	 	0.864143456975	 	 	120.214957311
1505239074.2	 	 	0.791311139344	 	 	0.559757439949	 	 	120.12482316	 	 	-0.527144705102	 	 	0.849775534999	 	 	121.812736277
1505239074.26	 	 	0.775482536539	 	 	0.581910943307	 	 	121.656968222	 	 	-0.551209575828	 	 	0.834366827909	 	 	123.450034558
1505239074.32	 	 	0.759628808953	 	 	0.603373354187	 	 	123.744407949	 	 	-0.574848616119	 	 	0.818259780599	 	 	125.08903138
1505239074.38	 	 	0.742641769696	 	 	0.624199939357	 	 	125.491028161	 	 	-0.597332280501	 	 	0.801993857004	 	 	126.679074284
1505239074.44	 	 	0.725529367073	 	 	0.644441582943	 	 	126.898903821	 	 	-0.619449652521	 	 	0.785036386413	 	 	128.275956315
1505239074.5	 	 	0.707250444823	 	 	0.664780850046	 	 	128.512228845	 	 	-0.64165603889	 	 	0.766992521317	 	 	129.915417279
1505239074.57	 	 	0.687853831046	 	 	0.684072956195	 	 	130.343190341	 	 	-0.662243480612	 	 	0.74928871097	 	 	131.471198646
1505239074.63	 	 	0.668333088239	 	 	0.702323424689	 	 	131.579397517	 	 	-0.6817785575	 	 	0.731558609089	 	 	132.982782619
1505239074.69	 	 	0.648338015573	 	 	0.721173178885	 	 	133.415206328	 	 	-0.702592827958	 	 	0.711592100927	 	 	134.635398886
1505239074.75	 	 	0.627448592169	 	 	0.739402725778	 	 	135.552987503	 	 	-0.722630877833	 	 	0.691234124159	 	 	136.272119947
1505239074.81	 	 	0.602517359176	 	 	0.759862386831	 	 	137.504006105	 	 	-0.745223453565	 	 	0.666814820064	 	 	138.178295487
1505239074.87	 	 	0.58022201582	 	 	0.776219424154	 	 	139.273921226	 	 	-0.763133295096	 	 	0.646241111286	 	 	139.741206369
1505239074.93	 	 	0.557141902064	 	 	0.792364227784	 	 	140.71808334	 	 	-0.781017525606	 	 	0.624509106976	 	 	141.353833725
1505239074.99	 	 	0.533861458422	 	 	0.80753688093	 	 	142.611811699	 	 	-0.797937179677	 	 	0.602740621901	 	 	142.933566575
1505239075.05	 	 	0.50909680674	 	 	0.822408799735	 	 	144.506423774	 	 	-0.814650021989	 	 	0.579952878838	 	 	144.552771544
1505239075.11	 	 	0.484519151234	 	 	0.836722700691	 	 	145.683510778	 	 	-0.830979413726	 	 	0.556303167314	 	 	146.199479306
1505239075.17	 	 	0.460034207193	 	 	0.850667578889	 	 	147.601782411	 	 	-0.84704828444	 	 	0.531515948799	 	 	147.892061288
1505239075.24	 	 	0.434579913201	 	 	0.864174508543	 	 	149.113463697	 	 	-0.8627025876	 	 	0.505711622714	 	 	149.621397135
1505239075.29	 	 	0.408589616562	 	 	0.876212985258	 	 	150.077249594	 	 	-0.876838622755	 	 	0.480784805964	 	 	151.263328521
1505239075.36	 	 	0.381992458056	 	 	0.888139876389	 	 	151.702885693	 	 	-0.890941292671	 	 	0.454118501069	 	 	152.99176863
1505239075.42	 	 	0.355455861296	 	 	0.898847843868	 	 	153.574159754	 	 	-0.9038066944	 	 	0.427940952887	 	 	154.663041357
1505239075.48	 	 	0.328719570246	 	 	0.90918354964	 	 	155.247047958	 	 	-0.916254792365	 	 	0.400596000314	 	 	156.384557378
1505239075.54	 	 	0.297566300186	 	 	0.920232347622	 	 	157.582220481	 	 	-0.929668332857	 	 	0.368397598909	 	 	158.383173046
1505239075.6	 	 	0.271287115399	 	 	0.929050046534	 	 	159.792842548	 	 	-0.940298230014	 	 	0.340351639679	 	 	160.101700699
1505239075.66	 	 	0.243920856389	 	 	0.936437114662	 	 	160.973754365	 	 	-0.949763183082	 	 	0.312969481038	 	 	161.761723347
1505239075.72	 	 	0.216671655107	 	 	0.942980506946	 	 	162.368392921	 	 	-0.958356005009	 	 	0.285576202899	 	 	163.406705926
1505239075.78	 	 	0.188872679802	 	 	0.949186305802	 	 	164.187098425	 	 	-0.966465499877	 	 	0.256796490529	 	 	165.119938231
1505239075.84	 	 	0.161165215033	 	 	0.95443302447	 	 	165.707744217	 	 	-0.973602178089	 	 	0.228251612962	 	 	166.805841281
1505239075.9	 	 	0.13318763626	 	 	0.959136144185	 	 	167.210210171	 	 	-0.980023216541	 	 	0.198883119045	 	 	168.528345523
1505239075.97	 	 	0.10515998924	 	 	0.963054278894	 	 	169.140033918	 	 	-0.985558712514	 	 	0.169334060921	 	 	170.250897781
1505239076.03	 	 	0.0769952710566	 	 	0.965967338286	 	 	170.533311998	 	 	-0.990154053872	 	 	0.139981961699	 	 	171.95319755
1505239076.09	 	 	0.0435880537011	 	 	0.968194432557	 	 	172.303377054	 	 	-0.994427939513	 	 	0.105418561533	 	 	173.948717791
1505239076.15	 	 	0.0150181817287	 	 	0.969170141598	 	 	174.174907975	 	 	-0.997120615397	 	 	0.0758319085261	 	 	175.650976717
1505239076.21	 	 	-0.0135403812671	 	 	0.969529650624	 	 	176.206097383	 	 	-0.998951699277	 	 	0.045776659028	 	 	177.376273755
1505239076.27	 	 	-0.0420067014134	 	 	0.96884086872	 	 	177.945751401	 	 	-0.999869075935	 	 	0.016181192474	 	 	179.072845501
1505239076.33	 	 	-0.0697303450486	 	 	0.967555485265	 	 	179.71597426	 	 	-0.999915001844	 	 	-0.0130379863249	 	 	-179.252957244
1505239076.39	 	 	-0.0974079415544	 	 	0.96514009378	 	 	181.419321768	 	 	-0.99913327624	 	 	-0.0416256688826	 	 	-177.614335576
1505239076.45	 	 	-0.125953864498	 	 	0.961735459274	 	 	182.780502471	 	 	-0.997473991116	 	 	-0.0710326477533	 	 	-175.926698766
1505239076.51	 	 	-0.153748100058	 	 	0.957952392611	 	 	184.055999602	 	 	-0.994952324623	 	 	-0.100348750502	 	 	-174.240746571
1505239076.57	 	 	-0.181310234426	 	 	0.953071189513	 	 	185.874823338	 	 	-0.991655337262	 	 	-0.128917384709	 	 	-172.592963392
1505239076.63	 	 	-0.20919550233	 	 	0.947763678435	 	 	187.561212291	 	 	-0.987334489078	 	 	-0.158652471388	 	 	-170.871310501
1505239076.69	 	 	-0.23642323723	 	 	0.941698237383	 	 	189.420952624	 	 	-0.982243168008	 	 	-0.187612256799	 	 	-169.186529082
1505239076.75	 	 	-0.263039397594	 	 	0.934549351419	 	 	191.11355408	 	 	-0.976548091047	 	 	-0.215299386604	 	 	-167.566907754
1505239076.82	 	 	-0.290142875306	 	 	0.926054091449	 	 	192.475551499	 	 	-0.97002849596	 	 	-0.242991187136	 	 	-165.936849847
1505239076.88	 	 	-0.317050555995	 	 	0.917388800839	 	 	194.192784002	 	 	-0.962441935571	 	 	-0.271487606816	 	 	-164.247192687
1505239076.94	 	 	-0.348092735531	 	 	0.906130821458	 	 	196.076375806	 	 	-0.952614867875	 	 	-0.304179081305	 	 	-162.291217703
1505239077.0	 	 	-0.374028604785	 	 	0.895651692619	 	 	198.446899193	 	 	-0.943504506797	 	 	-0.331359692258	 	 	-160.648675936
1505239077.06	 	 	-0.400005499119	 	 	0.884891907013	 	 	200.209916909	 	 	-0.933175394916	 	 	-0.359421315899	 	 	-158.935338688
1505239077.12	 	 	-0.425059967057	 	 	0.873281577126	 	 	201.708069353	 	 	-0.922480183021	 	 	-0.386044442951	 	 	-157.291404127
1505239077.18	 	 	-0.449782155829	 	 	0.859860544181	 	 	203.361999598	 	 	-0.911583598342	 	 	-0.411114756769	 	 	-155.725118665
1505239077.24	 	 	-0.475176873102	 	 	0.846114908439	 	 	204.624262972	 	 	-0.898930693185	 	 	-0.438090868257	 	 	-154.017865668
1505239077.3	 	 	-0.499990347284	 	 	0.831994939854	 	 	206.274506582	 	 	-0.88542415537	 	 	-0.464783890736	 	 	-152.303763273
1505239077.37	 	 	-0.524155791078	 	 	0.816999528515	 	 	207.809395579	 	 	-0.871417295311	 	 	-0.490542452223	 	 	-150.623758378
1505239077.43	 	 	-0.547616087691	 	 	0.801529119289	 	 	209.60562319	 	 	-0.856798665733	 	 	-0.515651089787	 	 	-148.959015331
1505239077.49	 	 	-0.570851920553	 	 	0.786023815081	 	 	211.286149036	 	 	-0.840877662609	 	 	-0.541225236409	 	 	-147.232914994
1505239077.55	 	 	-0.593025466633	 	 	0.768969796269	 	 	213.093753403	 	 	-0.825344811552	 	 	-0.564629030466	 	 	-145.623465511
1505239077.61	 	 	-0.618114530761	 	 	0.748008724993	 	 	214.760101609	 	 	-0.806700031837	 	 	-0.590961131238	 	 	-143.774757309
1505239077.67	 	 	-0.639592503595	 	 	0.729744969815	 	 	216.620259568	 	 	-0.789176697258	 	 	-0.614166215698	 	 	-142.108639008
1505239077.73	 	 	-0.660599041581	 	 	0.711042645824	 	 	218.527763729	 	 	-0.770815294108	 	 	-0.637058696172	 	 	-140.427158103
1505239077.79	 	 	-0.680886323677	 	 	0.691530560551	 	 	220.142721556	 	 	-0.752116415805	 	 	-0.659030270228	 	 	-138.774042441
1505239077.85	 	 	-0.701014653805	 	 	0.671528004989	 	 	221.925231151	 	 	-0.732156870225	 	 	-0.681136049099	 	 	-137.067518164
1505239077.92	 	 	-0.720261001	 	 	0.650858422031	 	 	223.629293481	 	 	-0.712017756783	 	 	-0.702161458658	 	 	-135.399323604
1505239077.98	 	 	-0.738580312821	 	 	0.629493288445	 	 	225.064692904	 	 	-0.691815590785	 	 	-0.722074226341	 	 	-133.774000997
1505239078.04	 	 	-0.759899006244	 	 	0.603837117457	 	 	226.786798559	 	 	-0.666367504683	 	 	-0.745623463085	 	 	-131.787322334
1505239078.1	 	 	-0.777207096822	 	 	0.581629868826	 	 	228.812833757	 	 	-0.644249855461	 	 	-0.764815091208	 	 	-130.109455484
1505239078.16	 	 	-0.793897185147	 	 	0.559368705612	 	 	230.621984513	 	 	-0.621432594917	 	 	-0.783467631734	 	 	-128.420825781
1505239078.22	 	 	-0.809943036321	 	 	0.536504493337	 	 	232.277117507	 	 	-0.598107604407	 	 	-0.801415805653	 	 	-126.734484682
1505239078.28	 	 	-0.825299020249	 	 	0.513226658616	 	 	233.896223994	 	 	-0.574314623429	 	 	-0.81863466413	 	 	-125.051648974
1505239078.34	 	 	-0.839718188413	 	 	0.489441654046	 	 	235.337754111	 	 	-0.550521035554	 	 	-0.834821291902	 	 	-123.40276553
1505239078.4	 	 	-0.853533169948	 	 	0.464911843102	 	 	237.076291842	 	 	-0.526126980004	 	 	-0.850406021211	 	 	-121.74414202
1505239078.46	 	 	-0.866257331521	 	 	0.44007215237	 	 	238.620038998	 	 	-0.502005379501	 	 	-0.864864497452	 	 	-120.132763765
1505239078.52	 	 	-0.878454364895	 	 	0.415277702173	 	 	239.940574837	 	 	-0.477146165781	 	 	-0.878823950789	 	 	-118.499178888
1505239078.58	 	 	-0.890636668462	 	 	0.389586304773	 	 	242.05045712	 	 	-0.450460070597	 	 	-0.892796575261	 	 	-116.773205433
1505239078.65	 	 	-0.901543802952	 	 	0.363981660534	 	 	243.322395047	 	 	-0.424491884789	 	 	-0.905431742181	 	 	-115.118505616
1505239078.71	 	 	-0.911426204991	 	 	0.337892923823	 	 	244.867580051	 	 	-0.398697962509	 	 	-0.917082294394	 	 	-113.496807029
1505239078.77	 	 	-0.920653080324	 	 	0.31113509508	 	 	246.848970565	 	 	-0.372253513303	 	 	-0.928131090867	 	 	-111.854664581
1505239078.83	 	 	-0.930232109736	 	 	0.279763796673	 	 	248.683276702	 	 	-0.341471459892	 	 	-0.939892143854	 	 	-109.966548735
1505239078.89	 	 	-0.937499001067	 	 	0.253223941916	 	 	250.259894094	 	 	-0.315252017318	 	 	-0.94900799026	 	 	-108.376028515
1505239078.95	 	 	-0.944461744853	 	 	0.226146955899	 	 	252.164250867	 	 	-0.287685121024	 	 	-0.957725049866	 	 	-106.719418236
1505239079.01	 	 	-0.951129819332	 	 	0.198969830638	 	 	253.73476709	 	 	-0.258940054249	 	 	-0.965893393862	 	 	-105.007178015
1505239079.07	 	 	-0.956570894814	 	 	0.171409695106	 	 	254.743382086	 	 	-0.23074542065	 	 	-0.973014157579	 	 	-103.340961738
1505239079.14	 	 	-0.961197039198	 	 	0.143823797257	 	 	256.81032541	 	 	-0.202476654056	 	 	-0.97928708996	 	 	-101.681824513
1505239079.2	 	 	-0.964949442378	 	 	0.115904836651	 	 	258.542446253	 	 	-0.174033471297	 	 	-0.98473973763	 	 	-100.022417026
1505239079.26	 	 	-0.967343348059	 	 	0.0878107518237	 	 	260.300809025	 	 	-0.146474173501	 	 	-0.989214494686	 	 	-98.4226546404
1505239079.32	 	 	-0.968972286659	 	 	0.0554638882606	 	 	263.183633268	 	 	-0.114874859083	 	 	-0.993379970983	 	 	-96.5964071675
1505239079.38	 	 	-0.97008834927	 	 	0.0275441613938	 	 	264.95607828	 	 	-0.0863824737808	 	 	-0.996262047969	 	 	-94.9555272193
1505239079.44	 	 	-0.970157786782	 	 	-0.00111030408424	 	 	266.202502553	 	 	-0.0575487660119	 	 	-0.998342696438	 	 	-93.2991241602
1505239079.5	 	 	-0.969255842835	 	 	-0.0295608943061	 	 	267.4131571	 	 	-0.0291053932767	 	 	-0.999576348301	 	 	-91.6678517319
1505239079.56	 	 	-0.967753462556	 	 	-0.0580710703804	 	 	268.855355312	 	 	-7.46593561159e-05	 	 	-0.999999997213	 	 	-90.004277666
1505239079.62	 	 	-0.965712847634	 	 	-0.0867857331319	 	 	270.50980285	 	 	0.0298262704986	 	 	-0.999555097825	 	 	-88.2908271027
1505239079.69	 	 	-0.962900071541	 	 	-0.115081188454	 	 	272.207764332	 	 	0.0594065520967	 	 	-0.998233871178	 	 	-86.5942500556
1505239079.75	 	 	-0.95947228886	 	 	-0.142579077528	 	 	274.179976963	 	 	0.0883909688936	 	 	-0.996085858055	 	 	-84.9289525407
1505239079.81	 	 	-0.954914923239	 	 	-0.170522337247	 	 	275.743998233	 	 	0.117447897633	 	 	-0.993079045868	 	 	-83.2551637275
1505239079.87	 	 	-0.949485831528	 	 	-0.198333051849	 	 	276.91947745	 	 	0.146324647648	 	 	-0.98923662361	 	 	-81.586005872
1505239079.93	 	 	-0.942281111448	 	 	-0.229718435108	 	 	278.671252004	 	 	0.178890785413	 	 	-0.983868937864	 	 	-79.6948421355
1505239079.99	 	 	-0.935079218057	 	 	-0.257390688718	 	 	280.636795376	 	 	0.207776632596	 	 	-0.9781762985	 	 	-78.0079110275
1505239080.05	 	 	-0.927134793857	 	 	-0.284417873108	 	 	282.552222419	 	 	0.235953358466	 	 	-0.971764381231	 	 	-76.3521733541
1505239080.11	 	 	-0.918853851247	 	 	-0.310766548993	 	 	284.260268062	 	 	0.263907510462	 	 	-0.964547990471	 	 	-74.6979529983
1505239080.17	 	 	-0.909431392091	 	 	-0.33694071314	 	 	286.205109664	 	 	0.29119944194	 	 	-0.956662367303	 	 	-73.0702214907
1505239080.23	 	 	-0.898750393862	 	 	-0.363176351383	 	 	287.604940991	 	 	0.318123966833	 	 	-0.94804912411	 	 	-71.4504917733
1505239080.29	 	 	-0.887867337288	 	 	-0.389049230829	 	 	289.068744854	 	 	0.345456449513	 	 	-0.938434782758	 	 	-69.7903383747
1505239080.35	 	 	-0.875491100933	 	 	-0.414300262699	 	 	290.945690673	 	 	0.3711094406	 	 	-0.928589135785	 	 	-68.2159443644
1505239080.42	 	 	-0.862872548118	 	 	-0.439344337429	 	 	292.629701137	 	 	0.397330416904	 	 	-0.917675617963	 	 	-66.5886043233
1505239080.48	 	 	-0.850074420512	 	 	-0.463926516359	 	 	294.15065901	 	 	0.423682691581	 	 	-0.905810673847	 	 	-64.9326894662
1505239080.54	 	 	-0.833769740532	 	 	-0.491976122228	 	 	296.473536297	 	 	0.453220724486	 	 	-0.891398325608	 	 	-63.0494891724
1505239080.6	 	 	-0.81864161875	 	 	-0.515536790305	 	 	297.52849917	 	 	0.477708930362	 	 	-0.878518171612	 	 	-61.4641247471
1505239080.66	 	 	-0.803163704192	 	 	-0.539337604659	 	 	298.920427237	 	 	0.503285688308	 	 	-0.864120081901	 	 	-59.782381484
1505239080.72	 	 	-0.78694032296	 	 	-0.562739462064	 	 	300.72112168	 	 	0.528493741164	 	 	-0.848937197648	 	 	-58.0962606294
1505239080.78	 	 	-0.770109794473	 	 	-0.585396446178	 	 	302.36865149	 	 	0.552874263841	 	 	-0.833264692869	 	 	-56.4355761849
1505239080.84	 	 	-0.753148929603	 	 	-0.607536626814	 	 	304.22022058	 	 	0.577129897609	 	 	-0.816652362567	 	 	-54.7510729136
1505239080.9	 	 	-0.735538504864	 	 	-0.629136842965	 	 	306.441642294	 	 	0.600799602053	 	 	-0.799399673613	 	 	-53.0728135853
1505239080.96	 	 	-0.716712174609	 	 	-0.649618626453	 	 	307.891084681	 	 	0.622632085415	 	 	-0.782514719486	 	 	-51.4914009062
1505239081.02	 	 	-0.696922968954	 	 	-0.669836618151	 	 	309.542993415	 	 	0.644263175313	 	 	-0.764803870895	 	 	-49.8895466574
1505239081.09	 	 	-0.676841817169	 	 	-0.690143847347	 	 	310.9271963	 	 	0.666598312965	 	 	-0.745417124268	 	 	-48.194939262
1505239081.15	 	 	-0.656371878858	 	 	-0.709923953943	 	 	312.548596627	 	 	0.688545409898	 	 	-0.725193228394	 	 	-46.4849245296
1505239081.21	 	 	-0.63193620721	 	 	-0.73208979235	 	 	314.23262464	 	 	0.713219400967	 	 	-0.700940857765	 	 	-44.5025379747
1505239081.27	 	 	-0.610932083406	 	 	-0.750905815445	 	 	316.391119986	 	 	0.734548988265	 	 	-0.678555660089	 	 	-42.7308800682
1505239081.33	 	 	-0.589110751359	 	 	-0.76856107216	 	 	317.770901046	 	 	0.754327620783	 	 	-0.656498164906	 	 	-41.0333466052
1505239081.39	 	 	-0.565965490187	 	 	-0.78546117834	 	 	319.328138296	 	 	0.773127998081	 	 	-0.634250028446	 	 	-39.3643826481
1505239081.45	 	 	-0.542512389812	 	 	-0.801873116515	 	 	320.846025247	 	 	0.791573857208	 	 	-0.611073505059	 	 	-37.6671649093
1505239081.52	 	 	-0.518981665159	 	 	-0.817522982572	 	 	322.782050434	 	 	0.809283500043	 	 	-0.587418263725	 	 	-35.9740136078
1505239081.57	 	 	-0.494922196406	 	 	-0.833082924451	 	 	324.206954648	 	 	0.82702117488	 	 	-0.562170771475	 	 	-34.2060543866
1505239081.63	 	 	-0.470620294364	 	 	-0.847551808161	 	 	325.833033137	 	 	0.84352657619	 	 	-0.537087437259	 	 	-32.4855873165
1505239081.69	 	 	-0.446368267317	 	 	-0.861606582049	 	 	327.440382442	 	 	0.859595789577	 	 	-0.510974635908	 	 	-30.7287715799
1505239081.76	 	 	-0.420627231192	 	 	-0.874360021481	 	 	329.101346762	 	 	0.874259174354	 	 	-0.485459469016	 	 	-29.0425799528
1505239081.82	 	 	-0.394762787229	 	 	-0.886661772095	 	 	330.627925841	 	 	0.888466615026	 	 	-0.458941253304	 	 	-27.3188095921
1505239081.88	 	 	-0.369037324851	 	 	-0.897896884584	 	 	332.302226516	 	 	0.901538739689	 	 	-0.432698394773	 	 	-25.6389293406
1505239081.94	 	 	-0.342785111179	 	 	-0.908617887625	 	 	334.240106051	 	 	0.914064500083	 	 	-0.405568847039	 	 	-23.9267789335
1505239082.0	 	 	-0.31138659923	 	 	-0.920442562677	 	 	335.960437563	 	 	0.927928122066	 	 	-0.372759171958	 	 	-21.8858835274
1505239082.06	 	 	-0.284857744758	 	 	-0.929553742024	 	 	337.48633533	 	 	0.93865368501	 	 	-0.344861217909	 	 	-20.1733242249
1505239082.12	 	 	-0.257544469979	 	 	-0.937371939002	 	 	339.583999369	 	 	0.94826058782	 	 	-0.317493082739	 	 	-18.511384713
1505239082.18	 	 	-0.230226384683	 	 	-0.944095840975	 	 	341.149215552	 	 	0.956856743581	 	 	-0.290560100949	 	 	-16.8914914194
1505239082.24	 	 	-0.202995248755	 	 	-0.950032872273	 	 	342.884854928	 	 	0.964651755922	 	 	-0.263527967768	 	 	-15.2795027377
1505239082.3	 	 	-0.175857205293	 	 	-0.955282556269	 	 	345.424017355	 	 	0.971693338486	 	 	-0.236245753277	 	 	-13.66506704
1505239082.36	 	 	-0.148210186898	 	 	-0.959784444929	 	 	347.397739715	 	 	0.978031628288	 	 	-0.208456551992	 	 	-12.0319175712
1505239082.42	 	 	-0.12036969792	 	 	-0.96403984885	 	 	348.940818513	 	 	0.983790609402	 	 	-0.179321044086	 	 	-10.3302150505
1505239082.49	 	 	-0.0922301916141	 	 	-0.966674070318	 	 	350.360269786	 	 	0.988455837401	 	 	-0.151509265419	 	 	-8.71440083126
1505239082.55	 	 	-0.0637384434676	 	 	-0.968830716306	 	 	351.848931794	 	 	0.992452855011	 	 	-0.12262679389	 	 	-7.04372668573
1505239082.61	 	 	-0.0347822210407	 	 	-0.970453240174	 	 	353.3488232	 	 	0.995699491415	 	 	-0.0926419062571	 	 	-5.315612367
1505239082.67	 	 	-0.00617956967076	 	 	-0.971047964362	 	 	355.115806261	 	 	0.997995345161	 	 	-0.0632873687046	 	 	-3.62852409358
1505239082.73	 	 	0.0270311764349	 	 	-0.970959957586	 	 	357.076764631	 	 	0.999590658897	 	 	-0.028609694966	 	 	-1.63943847733
1505239082.79	 	 	0.0554158571199	 	 	-0.970711455283	 	 	358.372825507	 	 	0.999997042853	 	 	0.00243193037553	 	 	0.139339483937
1505239082.85	 	 	0.0843094123136	 	 	-0.968865843638	 	 	359.837486441	 	 	0.999466642055	 	 	0.0326562615482	 	 	1.87139868167
1505239082.91	 	 	0.112530497837	 	 	-0.966256795766	 	 	1.40482328519	 	 	0.998059686231	 	 	0.0622644579177	 	 	3.56979979505
1505239082.97	 	 	0.141188477036	 	 	-0.962957181421	 	 	2.83953484207	 	 	0.995692346268	 	 	0.0927186690065	 	 	5.32002956052
1505239083.04	 	 	0.169514153443	 	 	-0.958781777549	 	 	4.97931574527	 	 	0.992440425411	 	 	0.122727348259	 	 	7.04953187535
1505239083.09	 	 	0.19680918449	 	 	-0.953823998715	 	 	6.8609746992	 	 	0.988464040329	 	 	0.151455739334	 	 	8.71129820803
1505239083.15	 	 	0.224303020559	 	 	-0.94823985361	 	 	8.42076651583	 	 	0.983521504872	 	 	0.18079117637	 	 	10.4158469733
1505239083.22	 	 	0.251278429757	 	 	-0.941659222951	 	 	10.031600198	 	 	0.977889954497	 	 	0.209120149423	 	 	12.070795746