time	 	 	x	 	 	y	 	 	theta	 	 	xcmd	 	 	ycmd	 	 	thetacmd

1505239253.45	 	 	1.2028967916	 	 	-1.17722494639	 	 	126.668505132	 	 	-0.292384220478	 	 	0.956300929423	 	 	107.000749867
1505239253.51	 	 	1.20289801847	 	 	-1.17724889463	 	 	126.665962807	 	 	-0.292388000098	 	 	0.956299773815	 	 	107.000976319
1505239253.57	 	 	1.20291069043	 	 	-1.17722238854	 	 	126.662996213	 	 	-0.29239679678	 	 	0.956297084191	 	 	107.001503365
1505239253.63	 	 	1.20286636271	 	 	-1.17716751313	 	 	126.661433432	 	 	-0.292349723089	 	 	0.956311476147	 	 	106.998683003
1505239253.69	 	 	1.20040306792	 	 	-1.17529053854	 	 	128.118185132	 	 	-0.289853955034	 	 	0.957070888049	 	 	106.849212727
1505239253.75	 	 	1.1932346068	 	 	-1.16781366475	 	 	128.053025677	 	 	-0.282237346746	 	 	0.959344609669	 	 	106.393782042
1505239253.81	 	 	1.18260238444	 	 	-1.15591450003	 	 	128.20948433	 	 	-0.270458678359	 	 	0.962731584244	 	 	105.691562701
1505239253.87	 	 	1.16871776968	 	 	-1.14032776216	 	 	127.766347877	 	 	-0.254337382604	 	 	0.967115554528	 	 	104.734325515
1505239253.94	 	 	1.15116616418	 	 	-1.12101116515	 	 	127.309033235	 	 	-0.232774089314	 	 	0.972530834135	 	 	103.460449194
1505239254.0	 	 	1.13290158408	 	 	-1.09904569982	 	 	127.010432062	 	 	-0.208358548853	 	 	0.978052511433	 	 	102.026176339
1505239254.06	 	 	1.11429234064	 	 	-1.07679165964	 	 	126.745930414	 	 	-0.181629155224	 	 	0.983367098276	 	 	100.464667886
1505239254.12	 	 	1.09553014481	 	 	-1.05395699571	 	 	126.420527056	 	 	-0.152515394062	 	 	0.988301095099	 	 	98.7727255742
1505239254.18	 	 	1.07611086141	 	 	-1.03048510591	 	 	125.400932925	 	 	-0.120106564125	 	 	0.992761005104	 	 	96.8982527353
1505239254.24	 	 	1.05750466259	 	 	-1.00666460978	 	 	124.551105112	 	 	-0.0862163942984	 	 	0.996276434206	 	 	94.9459759323
1505239254.3	 	 	1.03527934949	 	 	-0.978510155593	 	 	123.706931344	 	 	-0.042600283809	 	 	0.999092195856	 	 	92.4415553311
1505239254.36	 	 	1.01748929944	 	 	-0.954445855673	 	 	123.418266265	 	 	-0.00434997002383	 	 	0.999990538836	 	 	90.2492357094
1505239254.42	 	 	0.999557111013	 	 	-0.930793914864	 	 	122.943785941	 	 	0.0363637383088	 	 	0.999338620557	 	 	87.9160518205
1505239254.48	 	 	0.981720060285	 	 	-0.906550592557	 	 	122.40299792	 	 	0.0796224953768	 	 	0.996825089085	 	 	85.4331329048
1505239254.54	 	 	0.963930308136	 	 	-0.882198515603	 	 	121.598657749	 	 	0.125127168316	 	 	0.992140711668	 	 	82.811900352
1505239254.6	 	 	0.946760473407	 	 	-0.85724632508	 	 	121.461803503	 	 	0.171896804232	 	 	0.985114962172	 	 	80.1018783924
1505239254.67	 	 	0.929345688367	 	 	-0.8321170888	 	 	120.635756789	 	 	0.220903054574	 	 	0.975295770769	 	 	77.2379207398
1505239254.73	 	 	0.912564619455	 	 	-0.807104371245	 	 	120.234363821	 	 	0.269840931815	 	 	0.96290491302	 	 	74.34519841
1505239254.79	 	 	0.896057456603	 	 	-0.781895305444	 	 	119.742993427	 	 	0.31903504123	 	 	0.94774292003	 	 	71.3954216891
1505239254.85	 	 	0.879961118811	 	 	-0.756397976074	 	 	119.319799127	 	 	0.367671644487	 	 	0.929955677353	 	 	68.4279069516
1505239254.91	 	 	0.863826272906	 	 	-0.730898355311	 	 	118.696960617	 	 	0.41582377489	 	 	0.909445209035	 	 	65.4287957716
1505239254.97	 	 	0.847919875505	 	 	-0.705046215209	 	 	118.03460811	 	 	0.46254931636	 	 	0.886593553967	 	 	62.4482670353
1505239255.03	 	 	0.831933654937	 	 	-0.678645509448	 	 	117.256160192	 	 	0.507916647644	 	 	0.861406221852	 	 	59.474841938
1505239255.09	 	 	0.816713350589	 	 	-0.652708170435	 	 	117.0220626	 	 	0.549248447615	 	 	0.835659106809	 	 	56.6845313981
1505239255.15	 	 	0.801738290854	 	 	-0.626232598445	 	 	116.480567383	 	 	0.587663862621	 	 	0.809105175221	 	 	54.0085965274
1505239255.21	 	 	0.787164649071	 	 	-0.599961869945	 	 	115.952102115	 	 	0.622291092702	 	 	0.782785919613	 	 	51.516364089
1505239255.27	 	 	0.772998965805	 	 	-0.574145554562	 	 	115.680100821	 	 	0.653005827903	 	 	0.757352882562	 	 	49.2313863387
1505239255.33	 	 	0.75590022712	 	 	-0.542905262375	 	 	114.734782014	 	 	0.685965358964	 	 	0.727634198139	 	 	46.6884254704
1505239255.39	 	 	0.741903502339	 	 	-0.516325700679	 	 	114.035068549	 	 	0.709638829478	 	 	0.70456563335	 	 	44.7944629029
1505239255.45	 	 	0.728152725576	 	 	-0.490057372627	 	 	113.641528481	 	 	0.729854018717	 	 	0.683603036391	 	 	43.125842675
1505239255.51	 	 	0.714738987048	 	 	-0.463125040574	 	 	113.298044481	 	 	0.746639322786	 	 	0.665229074583	 	 	41.6999017695
1505239255.58	 	 	0.701579633131	 	 	-0.43634414361	 	 	112.987969662	 	 	0.760272868345	 	 	0.649603852866	 	 	40.5117407333
1505239255.64	 	 	0.688751512914	 	 	-0.409765489263	 	 	112.581677224	 	 	0.770879205862	 	 	0.636981357631	 	 	39.567093453
1505239255.7	 	 	0.67586106085	 	 	-0.38291440527	 	 	111.643497776	 	 	0.778974372694	 	 	0.627055760429	 	 	38.8332343813
1505239255.76	 	 	0.663530086037	 	 	-0.356332763	 	 	111.111916174	 	 	0.784102257372	 	 	0.62063165403	 	 	38.3622758828
1505239255.82	 	 	0.651470318424	 	 	-0.330041535966	 	 	110.65380506	 	 	0.786760244616	 	 	0.61725871196	 	 	38.116226279
1505239255.88	 	 	0.637632956635	 	 	-0.298197746377	 	 	110.194579219	 	 	0.786232706066	 	 	0.617930523532	 	 	38.1651673315
1505239255.94	 	 	0.625986222995	 	 	-0.270803342709	 	 	109.85129622	 	 	0.782951526523	 	 	0.622082717261	 	 	38.4683855467
1505239256.0	 	 	0.614817782847	 	 	-0.243301009563	 	 	109.364099804	 	 	0.776718465687	 	 	0.629847938046	 	 	39.0389045719
1505239256.06	 	 	0.603446776857	 	 	-0.215185743769	 	 	108.65325662	 	 	0.767694449716	 	 	0.640816067116	 	 	39.8526985177
1505239256.13	 	 	0.592118613396	 	 	-0.186738344391	 	 	108.086876903	 	 	0.755574747313	 	 	0.655062440705	 	 	40.9243847091
1505239256.18	 	 	0.581310692034	 	 	-0.158791886649	 	 	107.215498834	 	 	0.740450942501	 	 	0.672110408898	 	 	42.2301568708
1505239256.24	 	 	0.571045437998	 	 	-0.130043534762	 	 	106.758178705	 	 	0.720960771429	 	 	0.692975876969	 	 	43.8661394238
1505239256.31	 	 	0.561036818213	 	 	-0.102148503763	 	 	106.667284674	 	 	0.698795847802	 	 	0.715321160804	 	 	45.6695256387
1505239256.37	 	 	0.551585746243	 	 	-0.0738949372423	 	 	105.750671827	 	 	0.672333402573	 	 	0.740248468951	 	 	47.752585614
1505239256.43	 	 	0.542431976778	 	 	-0.0449404265738	 	 	105.154669272	 	 	0.641074901712	 	 	0.767478319169	 	 	50.1279810122
1505239256.49	 	 	0.532800275279	 	 	-0.0162437962561	 	 	104.481339973	 	 	0.606593965103	 	 	0.795011799599	 	 	52.6563701618
1505239256.55	 	 	0.523321990584	 	 	0.0124626387423	 	 	103.588411286	 	 	0.568054083573	 	 	0.822991226038	 	 	55.3853577457
1505239256.61	 	 	0.514946500416	 	 	0.0416019949143	 	 	103.068162952	 	 	0.524376580542	 	 	0.851486465999	 	 	58.3737155617
1505239256.67	 	 	0.506565449841	 	 	0.070177949463	 	 	102.674494163	 	 	0.478036731523	 	 	0.878339845	 	 	61.4427438243
1505239256.73	 	 	0.498689018448	 	 	0.0988160318321	 	 	102.233491397	 	 	0.428154878163	 	 	0.903705372511	 	 	64.6494790519
1505239256.79	 	 	0.491047017464	 	 	0.128073964758	 	 	101.735810117	 	 	0.374196485686	 	 	0.92734944336	 	 	68.0253405444
1505239256.85	 	 	0.483206730948	 	 	0.157033686536	 	 	101.316659906	 	 	0.318408151964	 	 	0.947953716572	 	 	71.4333160517
1505239256.91	 	 	0.475630203678	 	 	0.186292319395	 	 	100.209050778	 	 	0.260133993413	 	 	0.965572527297	 	 	74.9219870142
1505239256.97	 	 	0.468719070633	 	 	0.215857087959	 	 	99.7806366902	 	 	0.200060967967	 	 	0.979783450103	 	 	78.4594757049
1505239257.03	 	 	0.460414071633	 	 	0.250090519361	 	 	99.4320924334	 	 	0.1296557662	 	 	0.991559066466	 	 	82.5502991784
1505239257.09	 	 	0.453859256318	 	 	0.279570711021	 	 	98.7574194428	 	 	0.0691399596058	 	 	0.997606969696	 	 	86.0354091521
1505239257.15	 	 	0.447734154855	 	 	0.309075899744	 	 	98.371190006	 	 	0.00921574081773	 	 	0.999957534159	 	 	89.4719694716
1505239257.21	 	 	0.441721543275	 	 	0.338608153784	 	 	97.667662391	 	 	-0.0498613620358	 	 	0.998756148705	 	 	92.8580306921
1505239257.27	 	 	0.43565088864	 	 	0.368355665932	 	 	97.1300099688	 	 	-0.108258879545	 	 	0.994122736386	 	 	96.2149573175
1505239257.34	 	 	0.430490044437	 	 	0.398204256599	 	 	96.828577004	 	 	-0.165039791302	 	 	0.986286909214	 	 	99.4995460332
1505239257.4	 	 	0.425163295043	 	 	0.428438592066	 	 	96.3202198078	 	 	-0.221151606415	 	 	0.975239440845	 	 	102.776681377
1505239257.46	 	 	0.42011678268	 	 	0.458128239608	 	 	95.727973597	 	 	-0.274700269956	 	 	0.961529906808	 	 	105.944153011
1505239257.52	 	 	0.4159735367	 	 	0.488050167395	 	 	95.6630571075	 	 	-0.326723823404	 	 	0.945119856537	 	 	109.070045064
1505239257.58	 	 	0.411398481334	 	 	0.517207458201	 	 	95.9888006745	 	 	-0.376388890923	 	 	0.926461765423	 	 	112.110180816
1505239257.64	 	 	0.405508375466	 	 	0.545003374448	 	 	97.244050257	 	 	-0.423330191235	 	 	0.905975468315	 	 	115.045015649
1505239257.7	 	 	0.397297552039	 	 	0.575297799678	 	 	101.494232636	 	 	-0.474022423137	 	 	0.880512772402	 	 	118.295719164
1505239257.76	 	 	0.388753555902	 	 	0.59937354289	 	 	105.979199007	 	 	-0.514217683903	 	 	0.857659707321	 	 	120.945178215
1505239257.83	 	 	0.378097066757	 	 	0.62215571206	 	 	111.095506615	 	 	-0.552521873487	 	 	0.83349839791	 	 	123.540196641
1505239257.88	 	 	0.365673197034	 	 	0.643457624504	 	 	116.181361151	 	 	-0.588576286774	 	 	0.808441682898	 	 	126.056042153
1505239257.94	 	 	0.352061188777	 	 	0.662998961832	 	 	120.742575059	 	 	-0.621838924665	 	 	0.783145166474	 	 	128.450547202
1505239258.01	 	 	0.336286744146	 	 	0.682550429113	 	 	124.382592898	 	 	-0.655242974218	 	 	0.755418191956	 	 	130.938076114
1505239258.07	 	 	0.318690780847	 	 	0.702086923612	 	 	127.704458249	 	 	-0.688515768812	 	 	0.725221370409	 	 	133.512733645
1505239258.13	 	 	0.300097465664	 	 	0.720611192182	 	 	130.22711399	 	 	-0.719971601424	 	 	0.694003525311	 	 	136.052135849
1505239258.19	 	 	0.280657806929	 	 	0.73810058498	 	 	133.531074864	 	 	-0.749565426058	 	 	0.661930262232	 	 	138.552747768
1505239258.25	 	 	0.260665665324	 	 	0.755173030277	 	 	136.515718374	 	 	-0.77789481751	 	 	0.628394504186	 	 	141.068228955
1505239258.31	 	 	0.239940742334	 	 	0.771226246129	 	 	139.186223325	 	 	-0.804363517682	 	 	0.594137468455	 	 	143.548831422
1505239258.37	 	 	0.217856881852	 	 	0.786074032541	 	 	141.6369557	 	 	-0.829115112096	 	 	0.559077929178	 	 	146.00794564
1505239258.43	 	 	0.194695845939	 	 	0.799918700286	 	 	144.370930644	 	 	-0.852278315253	 	 	0.523088590346	 	 	148.460342999
1505239258.49	 	 	0.171338953399	 	 	0.813024046253	 	 	146.943066451	 	 	-0.873730783487	 	 	0.486409825135	 	 	150.895118329
1505239258.55	 	 	0.146866416546	 	 	0.825331555754	 	 	149.653629708	 	 	-0.893801665576	 	 	0.44846246511	 	 	153.354919977
1505239258.61	 	 	0.117787968778	 	 	0.837788442158	 	 	153.069812785	 	 	-0.914465474356	 	 	0.404663929959	 	 	156.12993102
1505239258.67	 	 	0.0927455589927	 	 	0.847719108609	 	 	156.013807337	 	 	-0.930410547049	 	 	0.3665190499	 	 	158.498902432
1505239258.73	 	 	0.0665190602912	 	 	0.856142496071	 	 	158.298277835	 	 	-0.944627780969	 	 	0.328143802962	 	 	160.843849449
1505239258.79	 	 	0.0397674613111	 	 	0.863176350467	 	 	160.582862661	 	 	-0.957045138954	 	 	0.289938962549	 	 	163.145698165
1505239258.86	 	 	0.0130088626017	 	 	0.869175634763	 	 	162.959825498	 	 	-0.96775569453	 	 	0.251890682051	 	 	165.410578742
1505239258.91	 	 	-0.0144838576366	 	 	0.874357786825	 	 	165.227661311	 	 	-0.977078286074	 	 	0.212880301771	 	 	167.708801089
1505239258.97	 	 	-0.0418231369216	 	 	0.878688340518	 	 	167.645110003	 	 	-0.984751831344	 	 	0.173965027129	 	 	169.981565283
1505239259.03	 	 	-0.0689762809953	 	 	0.8822960281	 	 	169.802319428	 	 	-0.99083760066	 	 	0.13505868768	 	 	172.237986475
1505239259.1	 	 	-0.0960567516189	 	 	0.884278044154	 	 	172.027843197	 	 	-0.995234668243	 	 	0.0975087438457	 	 	174.40426918
1505239259.15	 	 	-0.123767330609	 	 	0.885142620768	 	 	174.298928927	 	 	-0.998222875488	 	 	0.0595910299647	 	 	176.583661493
1505239259.21	 	 	-0.151361652398	 	 	0.884865008295	 	 	176.608712186	 	 	-0.999751297968	 	 	0.0223011706371	 	 	178.722131106
1505239259.27	 	 	-0.178991387207	 	 	0.883350962795	 	 	179.098974739	 	 	-0.999895961154	 	 	-0.0144245231249	 	 	-179.173507041
1505239259.34	 	 	-0.206370562629	 	 	0.881024279654	 	 	181.388695741	 	 	-0.998708494803	 	 	-0.0508069130054	 	 	-177.087724467
1505239259.4	 	 	-0.232974833807	 	 	0.877898306333	 	 	183.192503778	 	 	-0.996292554798	 	 	-0.0860299090698	 	 	-175.064748732
1505239259.46	 	 	-0.260160750887	 	 	0.874045702812	 	 	185.407141375	 	 	-0.992505731429	 	 	-0.122198089514	 	 	-172.981022396
1505239259.52	 	 	-0.287466455395	 	 	0.868208964078	 	 	187.108524527	 	 	-0.987606567828	 	 	-0.156949887488	 	 	-170.970099118
1505239259.58	 	 	-0.314329370058	 	 	0.862331907565	 	 	188.92596702	 	 	-0.981385703043	 	 	-0.192047134483	 	 	-168.927723209
1505239259.64	 	 	-0.340751930224	 	 	0.855241531325	 	 	190.964074925	 	 	-0.974150904974	 	 	-0.225898238901	 	 	-166.944296547
1505239259.7	 	 	-0.371204136454	 	 	0.845218834057	 	 	193.362243355	 	 	-0.964548127856	 	 	-0.263907008338	 	 	-164.697982825
1505239259.76	 	 	-0.392814976892	 	 	0.837734148183	 	 	195.393280659	 	 	-0.956643810187	 	 	-0.291260399696	 	 	-163.066570614
1505239259.82	 	 	-0.422887991927	 	 	0.826285708051	 	 	198.041299179	 	 	-0.944247630985	 	 	-0.329236102787	 	 	-160.777583392
1505239259.89	 	 	-0.448297548933	 	 	0.815091748209	 	 	199.853016366	 	 	-0.93269180373	 	 	-0.360674367339	 	 	-158.858382999
1505239259.95	 	 	-0.473508206303	 	 	0.80244349495	 	 	201.616410356	 	 	-0.920289002708	 	 	-0.391239250965	 	 	-156.968368786
1505239260.01	 	 	-0.498497631057	 	 	0.789467826202	 	 	203.686207613	 	 	-0.906587979866	 	 	-0.422016865496	 	 	-155.03801373
1505239260.07	 	 	-0.522850039203	 	 	0.775771203671	 	 	205.71355006	 	 	-0.892074955789	 	 	-0.451887456402	 	 	-153.135154173
1505239260.13	 	 	-0.546414124561	 	 	0.761311016331	 	 	207.554740861	 	 	-0.876965563224	 	 	-0.480553223815	 	 	-151.278459834
1505239260.19	 	 	-0.56995916377	 	 	0.746191077297	 	 	209.492255234	 	 	-0.86052709419	 	 	-0.509404672304	 	 	-149.375816603
1505239260.25	 	 	-0.592389873284	 	 	0.730177678008	 	 	211.354649779	 	 	-0.843950422591	 	 	-0.53642118173	 	 	-147.559656118
1505239260.31	 	 	-0.618462625015	 	 	0.710317991116	 	 	213.29094448	 	 	-0.823124525323	 	 	-0.567860912382	 	 	-145.398805031
1505239260.37	 	 	-0.640242440317	 	 	0.692414039191	 	 	214.833111505	 	 	-0.804439223663	 	 	-0.594034961456	 	 	-143.556132775
1505239260.44	 	 	-0.661336263868	 	 	0.674345875614	 	 	217.061737656	 	 	-0.784949210917	 	 	-0.619560115146	 	 	-141.715981137
1505239260.5	 	 	-0.681790596198	 	 	0.65552164154	 	 	219.124392265	 	 	-0.764858886743	 	 	-0.64419786042	 	 	-139.894439589
1505239260.56	 	 	-0.701675203628	 	 	0.636045872102	 	 	221.002572046	 	 	-0.744049791816	 	 	-0.668124170569	 	 	-138.077548041
1505239260.62	 	 	-0.720760315271	 	 	0.616188452902	 	 	222.674180206	 	 	-0.722780374126	 	 	-0.691077803708	 	 	-136.284512962
1505239260.68	 	 	-0.739568685478	 	 	0.595182435736	 	 	224.593103603	 	 	-0.700515051635	 	 	-0.713637626834	 	 	-134.468341285
1505239260.74	 	 	-0.757802340136	 	 	0.573606692841	 	 	226.456586157	 	 	-0.677483227141	 	 	-0.735538222625	 	 	-132.647285203
1505239260.8	 	 	-0.775260453531	 	 	0.551712116579	 	 	227.831669705	 	 	-0.653958220581	 	 	-0.756530664107	 	 	-130.840703848
1505239260.86	 	 	-0.792031785366	 	 	0.529771278924	 	 	229.829268689	 	 	-0.629803597485	 	 	-0.776754419746	 	 	-129.035633801
1505239260.92	 	 	-0.808502352596	 	 	0.507174615815	 	 	231.761984407	 	 	-0.604482201805	 	 	-0.796618646343	 	 	-127.191590709
1505239260.98	 	 	-0.826414715451	 	 	0.480395031614	 	 	233.424259028	 	 	-0.574998642746	 	 	-0.818154362477	 	 	-125.099537146
1505239261.05	 	 	-0.840473687393	 	 	0.45662192201	 	 	235.010242585	 	 	-0.550174952717	 	 	-0.835049412552	 	 	-123.379016284
1505239261.1	 	 	-0.854215953111	 	 	0.432204051481	 	 	236.966366903	 	 	-0.524161528793	 	 	-0.851618865299	 	 	-121.611814919
1505239261.17	 	 	-0.86744462016	 	 	0.407569048695	 	 	238.451730946	 	 	-0.497302057774	 	 	-0.867577468203	 	 	-119.821665526
1505239261.22	 	 	-0.879676660902	 	 	0.382215483102	 	 	240.032090263	 	 	-0.470445492894	 	 	-0.882429055627	 	 	-118.063218327
1505239261.29	 	 	-0.891084440878	 	 	0.357100962808	 	 	242.205414728	 	 	-0.443445139597	 	 	-0.896301516326	 	 	-116.323902086
1505239261.35	 	 	-0.902141042678	 	 	0.331563304314	 	 	243.772626493	 	 	-0.415293412403	 	 	-0.909687518665	 	 	-114.537795417
1505239261.4	 	 	-0.911577253558	 	 	0.305220747192	 	 	245.335663205	 	 	-0.388327964568	 	 	-0.921521237918	 	 	-112.850500411
1505239261.47	 	 	-0.919903408634	 	 	0.2794254639	 	 	247.115933568	 	 	-0.362038122328	 	 	-0.932163289334	 	 	-111.225416961
1505239261.52	 	 	-0.927923146104	 	 	0.253647278221	 	 	248.798378533	 	 	-0.334726246948	 	 	-0.942315414075	 	 	-109.555892028
1505239261.58	 	 	-0.935316731768	 	 	0.227452134721	 	 	250.336190831	 	 	-0.306836994437	 	 	-0.951762081008	 	 	-107.868716081
1505239261.64	 	 	-0.942028928609	 	 	0.201184722913	 	 	251.928737535	 	 	-0.278648037826	 	 	-0.96039328976	 	 	-106.179531948
1505239261.7	 	 	-0.948204490404	 	 	0.175470833885	 	 	253.635508587	 	 	-0.250299383385	 	 	-0.96816848672	 	 	-104.495228853
1505239261.76	 	 	-0.953987972699	 	 	0.148774190697	 	 	255.199526316	 	 	-0.220545149452	 	 	-0.975376766718	 	 	-102.741054252
1505239261.83	 	 	-0.958122602957	 	 	0.121905910654	 	 	256.756828678	 	 	-0.192386573527	 	 	-0.981319217343	 	 	-101.092094772
1505239261.89	 	 	-0.961335035362	 	 	0.0950130144827	 	 	258.395854468	 	 	-0.164472154549	 	 	-0.986381726502	 	 	-99.4665722344
1505239261.95	 	 	-0.963787201247	 	 	0.0678254801752	 	 	260.145331034	 	 	-0.136249080344	 	 	-0.990674612628	 	 	-97.8308543499
1505239262.01	 	 	-0.965983241117	 	 	0.0361920724716	 	 	262.719242004	 	 	-0.102740233722	 	 	-0.994708220723	 	 	-95.8969873045
1505239262.07	 	 	-0.967153441088	 	 	0.00920793052803	 	 	264.28168411	 	 	-0.0738930434717	 	 	-0.997266172156	 	 	-94.2376218735
1505239262.13	 	 	-0.967206545478	 	 	-0.0178467447612	 	 	265.937010068	 	 	-0.0456394253977	 	 	-0.99895797852	 	 	-92.6158551102
1505239262.19	 	 	-0.966617165286	 	 	-0.0454134218471	 	 	267.277889811	 	 	-0.016555333742	 	 	-0.999862951071	 	 	-90.9485940868
1505239262.25	 	 	-0.965184147753	 	 	-0.0726770871079	 	 	268.782897003	 	 	0.0121026439093	 	 	-0.999926760323	 	 	-89.3065526537
1505239262.31	 	 	-0.962898199523	 	 	-0.100148142115	 	 	270.788838103	 	 	0.0409079014061	 	 	-0.999162921451	 	 	-87.6554956861
1505239262.37	 	 	-0.959826823651	 	 	-0.127712015994	 	 	272.406983403	 	 	0.0698821362598	 	 	-0.997555255127	 	 	-85.9927824549
1505239262.43	 	 	-0.956309685148	 	 	-0.154922508535	 	 	274.353338593	 	 	0.099048848464	 	 	-0.995082572261	 	 	-84.3155984146
1505239262.49	 	 	-0.952293167467	 	 	-0.181928736735	 	 	275.969068737	 	 	0.128444703854	 	 	-0.991716672267	 	 	-82.6202730617
1505239262.55	 	 	-0.946619605892	 	 	-0.208614091645	 	 	277.172147737	 	 	0.155953367913	 	 	-0.987764418795	 	 	-81.0279073587
1505239262.61	 	 	-0.941224409956	 	 	-0.235444800899	 	 	278.350044586	 	 	0.185442492604	 	 	-0.982655118511	 	 	-79.3130682329
1505239262.67	 	 	-0.934340156558	 	 	-0.26192300434	 	 	280.123736864	 	 	0.213323570316	 	 	-0.976981603894	 	 	-77.6828065769
1505239262.73	 	 	-0.926416119112	 	 	-0.288421572897	 	 	282.079661527	 	 	0.240925855753	 	 	-0.970543524027	 	 	-76.0588084505
1505239262.79	 	 	-0.918121427711	 	 	-0.314383554531	 	 	283.691190801	 	 	0.268423555098	 	 	-0.963300988824	 	 	-74.4295192909
1505239262.85	 	 	-0.909487379733	 	 	-0.340358688897	 	 	285.716964611	 	 	0.296637288828	 	 	-0.954990219257	 	 	-72.7442576224
1505239262.91	 	 	-0.900071264499	 	 	-0.36572276112	 	 	287.33238532	 	 	0.323937548993	 	 	-0.946078466277	 	 	-71.0987808565
1505239262.97	 	 	-0.889104589234	 	 	-0.390627080549	 	 	288.325165939	 	 	0.34957645295	 	 	-0.936907841542	 	 	-69.5385887203
1505239263.03	 	 	-0.877837315289	 	 	-0.415611974395	 	 	290.087733583	 	 	0.37609201068	 	 	-0.926582322032	 	 	-67.9081781479
1505239263.09	 	 	-0.865855454492	 	 	-0.439971137761	 	 	291.951475997	 	 	0.40179399257	 	 	-0.915730084432	 	 	-66.309622381
1505239263.16	 	 	-0.853036279596	 	 	-0.463916517825	 	 	293.498195041	 	 	0.426892919973	 	 	-0.904302181175	 	 	-64.7294619771
1505239263.22	 	 	-0.839904456416	 	 	-0.487746999186	 	 	295.154784795	 	 	0.452456034591	 	 	-0.891786710353	 	 	-63.0986298954
1505239263.28	 	 	-0.826222402333	 	 	-0.511299088417	 	 	296.960942723	 	 	0.477920196678	 	 	-0.878403259106	 	 	-61.4503453396
1505239263.34	 	 	-0.811518816252	 	 	-0.534481579522	 	 	298.283559179	 	 	0.50268451137	 	 	-0.864469942814	 	 	-59.8222346584
1505239263.4	 	 	-0.79342805158	 	 	-0.561176605194	 	 	299.622084594	 	 	0.53127105485	 	 	-0.847201904081	 	 	-57.9086248274
1505239263.46	 	 	-0.777504433452	 	 	-0.583473129123	 	 	301.467269358	 	 	0.555358841458	 	 	-0.831610820765	 	 	-56.2645655544
1505239263.52	 	 	-0.761176670427	 	 	-0.605233158576	 	 	303.642899027	 	 	0.57900985778	 	 	-0.81532054101	 	 	-54.6190685946
1505239263.58	 	 	-0.743568674426	 	 	-0.626382108142	 	 	305.53924146	 	 	0.601493032852	 	 	-0.798878045406	 	 	-53.0230967493
1505239263.64	 	 	-0.725799602556	 	 	-0.646675466638	 	 	307.613324411	 	 	0.623210215759	 	 	-0.782054363183	 	 	-51.4490577107
1505239263.7	 	 	-0.707236853227	 	 	-0.667183649055	 	 	308.491444948	 	 	0.645468806259	 	 	-0.763786632605	 	 	-49.7991659435
1505239263.76	 	 	-0.687740709747	 	 	-0.687283795088	 	 	309.987156534	 	 	0.667217176333	 	 	-0.744863235504	 	 	-48.14735324
1505239263.83	 	 	-0.667797601645	 	 	-0.70676448767	 	 	311.426153676	 	 	0.68838689883	 	 	-0.725343696133	 	 	-46.4974468102
1505239263.89	 	 	-0.647771812054	 	 	-0.725851738893	 	 	312.78869551	 	 	0.709437304887	 	 	-0.704768550968	 	 	-44.8108486666
1505239263.95	 	 	-0.627218591538	 	 	-0.74442533054	 	 	315.011741041	 	 	0.729958420261	 	 	-0.68349155422	 	 	-43.1170916085
1505239264.01	 	 	-0.606159631181	 	 	-0.762486843317	 	 	316.6189299	 	 	0.749949618599	 	 	-0.66149495052	 	 	-41.4139861128
1505239264.07	 	 	-0.585001685401	 	 	-0.77951612545	 	 	318.037714709	 	 	0.768766554338	 	 	-0.639529502784	 	 	-39.7567446485
1505239264.13	 	 	-0.558658038723	 	 	-0.798653900191	 	 	319.818766998	 	 	0.789746053428	 	 	-0.613433917463	 	 	-37.8382138758
1505239264.19	 	 	-0.53592762505	 	 	-0.814948757073	 	 	321.077670776	 	 	0.80784128309	 	 	-0.589400085965	 	 	-36.1144480312
1505239264.25	 	 	-0.512902617356	 	 	-0.830263668514	 	 	322.505433395	 	 	0.824808780849	 	 	-0.565411774758	 	 	-34.4308905697
1505239264.31	 	 	-0.489667247421	 	 	-0.844709184392	 	 	324.487636348	 	 	0.840815523457	 	 	-0.54132176708	 	 	-32.7736626626
1505239264.37	 	 	-0.465491793949	 	 	-0.858817626554	 	 	326.573318735	 	 	0.856467326642	 	 	-0.516201238273	 	 	-31.0777812729
1505239264.44	 	 	-0.441191060238	 	 	-0.872248927715	 	 	328.025689652	 	 	0.87138077372	 	 	-0.490607324845	 	 	-29.3805070927
1505239264.5	 	 	-0.415860838302	 	 	-0.884416700142	 	 	329.865224064	 	 	0.884968956115	 	 	-0.465650026	 	 	-27.752298729
1505239264.56	 	 	-0.390102815228	 	 	-0.89605508139	 	 	331.544815065	 	 	0.898048101197	 	 	-0.439897269753	 	 	-26.0973267284
1505239264.61	 	 	-0.364502364117	 	 	-0.906972014377	 	 	332.980152229	 	 	0.910359476406	 	 	-0.413818346279	 	 	-24.4449241392
1505239264.67	 	 	-0.338260888287	 	 	-0.917029222337	 	 	334.652572434	 	 	0.921842074549	 	 	-0.387565722931	 	 	-22.8031161257
1505239264.74	 	 	-0.312462178994	 	 	-0.925946996793	 	 	336.879449632	 	 	0.932178454804	 	 	-0.361999072373	 	 	-21.2230167599
1505239264.79	 	 	-0.286050563473	 	 	-0.934509652003	 	 	338.820184864	 	 	0.942126841117	 	 	-0.33525664087	 	 	-19.5881448942
1505239264.86	 	 	-0.259332253716	 	 	-0.941607419822	 	 	340.759725897	 	 	0.950845617942	 	 	-0.309665320695	 	 	-18.0390623259
1505239264.92	 	 	-0.232273503006	 	 	-0.947597377489	 	 	342.34684508	 	 	0.958685926604	 	 	-0.284466683692	 	 	-16.5269723518
1505239264.98	 	 	-0.205025837981	 	 	-0.953268008924	 	 	343.732360612	 	 	0.966118393029	 	 	-0.258099303857	 	 	-14.9573113975
1505239265.04	 	 	-0.177513925171	 	 	-0.95855875897	 	 	345.552379525	 	 	0.973041068669	 	 	-0.230631911675	 	 	-13.334277873
1505239265.1	 	 	-0.145315668789	 	 	-0.963668255148	 	 	347.371766819	 	 	0.980096100203	 	 	-0.198523636794	 	 	-11.450638598
1505239265.16	 	 	-0.117736694909	 	 	-0.967396224771	 	 	349.151770216	 	 	0.985355572197	 	 	-0.170512158923	 	 	-9.8175983844
1505239265.22	 	 	-0.0897726296297	 	 	-0.970557949453	 	 	351.110025559	 	 	0.989913675444	 	 	-0.141671857362	 	 	-8.14460098959
1505239265.29	 	 	-0.0617656898533	 	 	-0.972256060318	 	 	352.359240792	 	 	0.993474611394	 	 	-0.114053480945	 	 	-6.54903430148
1505239265.35	 	 	-0.0333986159419	 	 	-0.973265007889	 	 	353.882152799	 	 	0.996313161359	 	 	-0.085790934853	 	 	-4.92150824439
1505239265.41	 	 	-0.004865691415	 	 	-0.973812396172	 	 	355.373425054	 	 	0.998397723002	 	 	-0.056586099928	 	 	-3.24387742018
1505239265.47	 	 	0.0230991301948	 	 	-0.973816275928	 	 	356.755976942	 	 	0.999624972432	 	 	-0.0273845666295	 	 	-1.56921626302
1505239265.53	 	 	0.0514045553164	 	 	-0.972979576626	 	 	358.451767186	 	 	0.999997671507	 	 	0.00215800406455	 	 	0.123644621039
1505239265.59	 	 	0.0793881132072	 	 	-0.971483126729	 	 	0.202804249197	 	 	0.999498844141	 	 	0.0316553401563	 	 	1.81402043579
1505239265.65	 	 	0.107234407689	 	 	-0.968986652727	 	 	1.56519808749	 	 	0.998158748844	 	 	0.0606556848659	 	 	3.47744929423
1505239265.71	 	 	0.135356066915	 	 	-0.965224255133	 	 	3.29521330308	 	 	0.996011388977	 	 	0.0892261902587	 	 	5.11909195755
1505239265.77	 	 	0.167895816374	 	 	-0.959697090784	 	 	5.1452812708	 	 	0.992512966168	 	 	0.122139313857	 	 	7.01558459113
1505239265.83	 	 	0.195278706488	 	 	-0.954914801874	 	 	6.90653090958	 	 	0.988507290921	 	 	0.151173198007	 	 	8.69492121239
1505239265.89	 	 	0.222763370407	 	 	-0.948878679579	 	 	8.86707415734	 	 	0.983731606955	 	 	0.179644441821	 	 	10.3490502383
1505239265.95	 	 	0.249333243633	 	 	-0.942300917631	 	 	10.4525763554	 	 	0.978277915576	 	 	0.207297660134	 	 	11.9640350576
1505239266.02	 	 	0.276377950234	 	 	-0.934523831692	 	 	11.5843372634	 	 	0.971974424484	 	 	0.235086618397	 	 	13.5967286852
1505239266.08	 	 	0.303577933748	 	 	-0.925955709516	 	 	13.2649390642	 	 	0.964723039477	 	 	0.263266893289	 	 	15.2639967139
1505239266.14	 	 	0.330567314634	 	 	-0.916353375642	 	 	15.0421338678	 	 	0.956733816041	 	 	0.29096461167	 	 	16.9157147379
1505239266.2	 	 	0.357209724781	 	 	-0.906536830529	 	 	16.6451401455	 	 	0.947712378061	 	 	0.319125756514	 	 	18.61006259
1505239266.26	 	 	0.383125304615	 	 	-0.89583116592	 	 	18.6191117172	 	 	0.938174871696	 	 	0.346161682047	 	 	20.2527252915
1505239266.32	 	 	0.408104697694	 	 	-0.884694954622	 	 	20.6763334176	 	 	0.928112950349	 	 	0.372298739447	 	 	21.8574565282
1505239266.38	 	 	0.433090229181	 	 	-0.872615866109	 	 	21.7466167335	 	 	0.917215267551	 	 	0.39839195897	 	 	23.4776904889
1505239266.44	 	 	0.458019401889	 	 	-0.859044247894	 	 	23.6404946694	 	 	0.905763272771	 	 	0.423784017749	 	 	25.0737199456
1505239266.5	 	 	0.486913150819	 	 	-0.842736552713	 	 	25.6853694505	 	 	0.89099865123	 	 	0.45400595096	 	 	27.0009935883
1505239266.56	 	 	0.511262558218	 	 	-0.827790086667	 	 	27.0566580789	 	 	0.877604780008	 	 	0.479384866372	 	 	28.6452343736
1505239266.62	 	 	0.535200968905	 	 	-0.812341829323	 	 	28.980425279	 	 	0.863335739997	 	 	0.504629963482	 	 	30.3067915964
1505239266.68	 	 	0.558112573669	 	 	-0.797004906357	 	 	30.7327235563	 	 	0.848496353911	 	 	0.529201225811	 	 	31.9515007477
1505239266.74	 	 	0.580683567179	 	 	-0.781152756618	 	 	32.0952609315	 	 	0.832780857842	 	 	0.553602784325	 	 	33.6145318645
1505239266.8	 	 	0.603169796534	 	 	-0.763560770011	 	 	33.2792750931	 	 	0.816503589446	 	 	0.57734035752	 	 	35.263694157
1505239266.86	 	 	0.624461463902	 	 	-0.745827963031	 	 	34.9904942934	 	 	0.800107476843	 	 	0.599856670797	 	 	36.8596331374
1505239266.92	 	 	0.645817995173	 	 	-0.727387503689	 	 	36.8703723253	 	 	0.782396037625	 	 	0.622781213837	 	 	38.5195191148
1505239266.99	 	 	0.666045225251	 	 	-0.708286558458	 	 	38.4728480456	 	 	0.764834121216	 	 	0.64422726349	 	 	40.1077630382
1505239267.05	 	 	0.68581494864	 	 	-0.688940298088	 	 	40.3501849223	 	 	0.746399464994	 	 	0.66549818832	 	 	41.7205563986
1505239267.11	 	 	0.708123207073	 	 	-0.666088143964	 	 	42.4892403551	 	 	0.724047382116	 	 	0.689750236282	 	 	43.610341157
1505239267.17	 	 	0.727096072873	 	 	-0.645157318728	 	 	43.6937277028	 	 	0.703851864227	 	 	0.710346783778	 	 	45.263137617
1505239267.23	 	 	0.744959583802	 	 	-0.623932639365	 	 	44.9888689027	 	 	0.683758357121	 	 	0.729708509658	 	 	46.8619629557
1505239267.3	 	 	0.762479431098	 	 	-0.602327524147	 	 	46.888949846	 	 	0.662654120359	 	 	0.748925574921	 	 	48.4973933982
1505239267.36	 	 	0.779668187084	 	 	-0.580413757236	 	 	48.4358126633	 	 	0.640471848996	 	 	0.767981647335	 	 	50.1729869055
1505239267.42	 	 	0.795626159506	 	 	-0.558293989975	 	 	50.3485085723	 	 	0.618709685769	 	 	0.785619707451	 	 	51.7780300022
1505239267.48	 	 	0.8111192399	 	 	-0.535874164023	 	 	52.1415309956	 	 	0.596153852966	 	 	0.802870215909	 	 	53.4050685583
1505239267.54	 	 	0.826298226994	 	 	-0.512271154824	 	 	53.5228574992	 	 	0.572638711239	 	 	0.819807847237	 	 	55.0655631486
1505239267.6	 	 	0.84114601626	 	 	-0.488205371576	 	 	54.6661728205	 	 	0.547992930215	 	 	0.836482963625	 	 	56.7705717363
1505239267.66	 	 	0.857341682174	 	 	-0.45976927808	 	 	56.4378235655	 	 	0.519075998357	 	 	0.854728090055	 	 	58.7297083178
1505239267.72	 	 	0.870509999335	 	 	-0.434924515406	 	 	58.2719436741	 	 	0.493706828317	 	 	0.869628407812	 	 	60.4154867689
1505239267.78	 	 	0.883170584877	 	 	-0.410284336437	 	 	59.8850063566	 	 	0.467557031654	 	 	0.883962907678	 	 	62.1241653277
1505239267.84	 	 	0.895134312028	 	 	-0.385347089581	 	 	61.5901025249	 	 	0.440999647022	 	 	0.897507276475	 	 	63.8323200452
1505239267.9	 	 	0.905995635701	 	 	-0.359607957015	 	 	63.1138551555	 	 	0.414743896557	 	 	0.909938184861	 	 	65.4968105329
1505239267.97	 	 	0.916344716293	 	 	-0.333043674706	 	 	64.3084366773	 	 	0.387537469877	 	 	0.921853952338	 	 	67.1986398912
1505239268.03	 	 	0.926494377489	 	 	-0.306420924876	 	 	65.8774605225	 	 	0.358896494363	 	 	0.93337736545	 	 	68.967558574
1505239268.09	 	 	0.935024139381	 	 	-0.279759409146	 	 	67.7021813449	 	 	0.331744131097	 	 	0.943369403512	 	 	70.6253286179
1505239268.15	 	 	0.942903077433	 	 	-0.253493324724	 	 	69.4878376412	 	 	0.30436776554	 	 	0.952554598593	 	 	72.2798687804
1505239268.21	 	 	0.950370219964	 	 	-0.226920931185	 	 	71.508297732	 	 	0.276024121556	 	 	0.961150708432	 	 	73.9769455876
1505239268.27	 	 	0.95619513716	 	 	-0.200103335099	 	 	73.314975521	 	 	0.249255242888	 	 	0.96843782655	 	 	75.566554316
1505239268.33	 	 	0.961083034282	 	 	-0.172949031275	 	 	74.9739111503	 	 	0.222542331759	 	 	0.974923028026	 	 	77.1415996069
1505239268.39	 	 	0.966142746263	 	 	-0.140643599475	 	 	76.8579345254	 	 	0.190145496566	 	 	0.981755921874	 	 	79.0387246686
1505239268.46	 	 	0.969994607296	 	 	-0.113410377685	 	 	78.6692710233	 	 	0.161890132061	 	 	0.986808788541	 	 	80.6833766992
1505239268.52	 	 	0.972459541316	 	 	-0.0858975742191	 	 	80.0392197451	 	 	0.134601392277	 	 	0.990899826015	 	 	82.2644290254
1505239268.58	 	 	0.974302829989	 	 	-0.057998504973	 	 	81.9035876936	 	 	0.106589956019	 	 	0.994303063093	 	 	83.881221531
1505239268.64	 	 	0.976061204223	 	 	-0.0302760840126	 	 	84.007947998	 	 	0.0772861964512	 	 	0.997008948725	 	 	85.5674068758
1505239268.7	 	 	0.976103881454	 	 	-0.00251914563692	 	 	85.1362032076	 	 	0.0497401072863	 	 	0.998762194783	 	 	87.1489253245
1505239268.76	 	 	0.975075005929	 	 	0.0260973853151	 	 	86.8324327452	 	 	0.021749755709	 	 	0.999763446084	 	 	88.7537325211
1505239268.82	 	 	0.973777439365	 	 	0.0543392823097	 	 	88.3544783059	 	 	-0.0069786512929	 	 	0.999975648917	 	 	90.3998505114
1505239268.88	 	 	0.972013026102	 	 	0.0824111728177	 	 	90.4871890118	 	 	-0.0362124841226	 	 	0.999344112903	 	 	92.0752762414
1505239268.94	 	 	0.968676528286	 	 	0.11500276337	 	 	92.4258906574	 	 	-0.0697095230496	 	 	0.997567332262	 	 	93.9973033589
1505239269.0	 	 	0.96551665625	 	 	0.142380202653	 	 	93.9827291398	 	 	-0.0987789839729	 	 	0.995109397165	 	 	95.6688632891
1505239269.06	 	 	0.961008214691	 	 	0.169771422947	 	 	95.4702332689	 	 	-0.126907566864	 	 	0.991914547465	 	 	97.2909287348
1505239269.12	 	 	0.955364640412	 	 	0.197336281404	 	 	96.7783813942	 	 	-0.154767550616	 	 	0.987950912382	 	 	98.9033152044
1505239269.18	 	 	0.949365346603	 	 	0.224941312173	 	 	98.2636009051	 	 	-0.183532248708	 	 	0.983013689469	 	 	100.57557132
1505239269.25	 	 	0.94301858172	 	 	0.251901410237	 	 	99.9161708272	 	 	-0.212176224065	 	 	0.977231420873	 	 	102.249915097
1505239269.31	 	 	0.936100489391	 	 	0.27860648235	 	 	101.885974105	 	 	-0.240823620824	 	 	0.970568896912	 	 	103.935156217
1505239269.37	 	 	0.928729379446	 	 	0.304869334542	 	 	103.250841102	 	 	-0.269327892774	 	 	0.963048537808	 	 	105.624276479
1505239269.43	 	 	0.920462725343	 	 	0.330629930767	 	 	104.648735258	 	 	-0.296897469094	 	 	0.954909363681	 	 	107.271352864
1505239269.49	 	 	0.910921861749	 	 	0.356359357962	 	 	106.056919894	 	 	-0.323760297622	 	 	0.946139138649	 	 	108.890484907
1505239269.56	 	 	0.900771167868	 	 	0.381450004565	 	 	107.295788009	 	 	-0.349927675481	 	 	0.936776719359	 	 	110.482891489
1505239269.62	 	 	0.890131105561	 	 	0.406405095835	 	 	108.921749329	 	 	-0.376324749986	 	 	0.926487821047	 	 	112.106214162
1505239269.68	 	 	0.878751412926	 	 	0.431493761561	 	 	110.886184995	 	 	-0.403062918101	 	 	0.91517227015	 	 	113.769796454
1505239269.74	 	 	0.865279261935	 	 	0.459771834163	 	 	113.086610344	 	 	-0.433647327094	 	 	0.901082679727	 	 	115.699252392
1505239269.8	 	 	0.853027913453	 	 	0.483205851782	 	 	114.596646659	 	 	-0.4587219083	 	 	0.888579884336	 	 	117.304665288
1505239269.86	 	 	0.839036573855	 	 	0.50629793051	 	 	116.600976894	 	 	-0.482298663689	 	 	0.87600684872	 	 	118.835639287
1505239269.92	 	 	0.824430506271	 	 	0.529427936296	 	 	118.241880467	 	 	-0.50627084054	 	 	0.862374533494	 	 	120.415749981
1505239269.99	 	 	0.808773990644	 	 	0.552323708504	 	 	119.645309501	 	 	-0.529801587725	 	 	0.848121617249	 	 	121.992049891
1505239270.04	 	 	0.792410872752	 	 	0.575004226858	 	 	121.404044832	 	 	-0.55327897559	 	 	0.832996023502	 	 	123.592256524
1505239270.1	 	 	0.776471492586	 	 	0.596887997451	 	 	123.180411571	 	 	-0.576615110949	 	 	0.817015920179	 	 	125.21281804
1505239270.17	 	 	0.759705468546	 	 	0.618829149707	 	 	124.536819928	 	 	-0.600144669468	 	 	0.799891477458	 	 	126.880259536
1505239270.23	 	 	0.741890491801	 	 	0.640439043178	 	 	125.632175886	 	 	-0.623117209237	 	 	0.782128469979	 	 	128.54412866
1505239270.29	 	 	0.723648224447	 	 	0.660881555518	 	 	127.059833002	 	 	-0.644635738451	 	 	0.76448987221	 	 	130.138369883
1505239270.35	 	 	0.704877254634	 	 	0.680971577401	 	 	128.834391194	 	 	-0.665933670948	 	 	0.746010955615	 	 	131.753994005
1505239270.41	 	 	0.685473626618	 	 	0.700384775506	 	 	130.723332398	 	 	-0.686446363575	 	 	0.72718043836	 	 	133.349461876
1505239270.47	 	 	0.665950469022	 	 	0.719020943215	 	 	132.634915946	 	 	-0.706259005621	 	 	0.70795354154	 	 	134.931347158
1505239270.53	 	 	0.64576038888	 	 	0.737336796651	 	 	134.611507006	 	 	-0.72580580254	 	 	0.6878996562	 	 	136.53592244
1505239270.59	 	 	0.624732782462	 	 	0.755306916518	 	 	136.329799737	 	 	-0.744998920905	 	 	0.667065669819	 	 	138.159006243
1505239270.65	 	 	0.602749398448	 	 	0.772406225685	 	 	137.368441456	 	 	-0.763096151413	 	 	0.646284970968	 	 	139.737913319
1505239270.71	 	 	0.580443347454	 	 	0.788577676459	 	 	138.91531264	 	 	-0.780250921313	 	 	0.62546662564	 	 	141.283555265
1505239270.77	 	 	0.553801506323	 	 	0.807594023206	 	 	140.918852397	 	 	-0.800800599697	 	 	0.598931047387	 	 	143.206622146
1505239270.83	 	 	0.530692409198	 	 	0.82279587654	 	 	142.653174823	 	 	-0.817239480018	 	 	0.576298214729	 	 	144.809402252
1505239270.89	 	 	0.506853409656	 	 	0.837314980022	 	 	144.465435143	 	 	-0.832988369441	 	 	0.553290499084	 	 	146.406950855
1505239270.95	 	 	0.482718902748	 	 	0.851528314883	 	 	146.025407483	 	 	-0.848542317866	 	 	0.529127522238	 	 	148.053476044
1505239271.01	 	 	0.458176830834	 	 	0.864805305849	 	 	147.575931363	 	 	-0.863127459256	 	 	0.504986127609	 	 	149.669568513
1505239271.07	 	 	0.432700296635	 	 	0.877815923329	 	 	148.971885286	 	 	-0.877506386518	 	 	0.479564950367	 	 	151.343007906
1505239271.13	 	 	0.406816083607	 	 	0.889882750459	 	 	150.766497689	 	 	-0.890945503558	 	 	0.454110239578	 	 	152.992299919
1505239271.19	 	 	0.380566853017	 	 	0.901474361147	 	 	152.190199434	 	 	-0.903919208296	 	 	0.427703243935	 	 	154.678109703
1505239271.25	 	 	0.354594947605	 	 	0.912039858615	 	 	153.952354028	 	 	-0.915829145646	 	 	0.401568146129	 	 	156.32375247
1505239271.32	 	 	0.32852057288	 	 	0.922098071686	 	 	155.935670932	 	 	-0.927158853818	 	 	0.374668466496	 	 	157.996176471
1505239271.38	 	 	0.301912900924	 	 	0.931458623942	 	 	157.140958171	 	 	-0.937766650409	 	 	0.347266049852	 	 	159.679814603
1505239271.44	 	 	0.275161246244	 	 	0.940082448278	 	 	159.124691634	 	 	-0.947569462906	 	 	0.31954985991	 	 	161.364295488
1505239271.5	 	 	0.243586240504	 	 	0.94884069783	 	 	160.845687191	 	 	-0.957774106312	 	 	0.287521757923	 	 	163.29035469
1505239271.56	 	 	0.216762736715	 	 	0.955515661181	 	 	162.288494725	 	 	-0.965598526203	 	 	0.260037470752	 	 	164.927714462
1505239271.62	 	 	0.189431523077	 	 	0.962000519344	 	 	164.078015202	 	 	-0.972960047857	 	 	0.230973473098	 	 	166.645609058
1505239271.68	 	 	0.162305769443	 	 	0.967453183041	 	 	165.960896938	 	 	-0.979286043323	 	 	0.202481716095	 	 	168.317879319
1505239271.74	 	 	0.134731104409	 	 	0.971867464072	 	 	167.269835057	 	 	-0.984716612749	 	 	0.174164268943	 	 	169.969972597
1505239271.8	 	 	0.1062964672	 	 	0.975370650552	 	 	168.686311901	 	 	-0.989377208176	 	 	0.145371042306	 	 	171.641233988
1505239271.87	 	 	0.0779809871	 	 	0.978182477702	 	 	170.242922287	 	 	-0.993208397182	 	 	0.116348956883	 	 	173.318563072
1505239271.93	 	 	0.0498403438274	 	 	0.980270971135	 	 	171.970233396	 	 	-0.996185830616	 	 	0.0872570391376	 	 	174.994173949
1505239271.99	 	 	0.0214947607002	 	 	0.981697121401	 	 	173.760200849	 	 	-0.998336655348	 	 	0.0576534698714	 	 	176.694866774
1505239272.05	 	 	-0.0113476183938	 	 	0.98264558215	 	 	176.037116296	 	 	-0.999741958242	 	 	0.0227160060217	 	 	178.698356766
1505239272.11	 	 	-0.03905628035	 	 	0.982108187219	 	 	177.675667152	 	 	-0.999983053605	 	 	-0.00582172673875	 	 	-179.666437744
1505239272.17	 	 	-0.067290554998	 	 	0.980501820956	 	 	179.057877882	 	 	-0.999406785479	 	 	-0.0344394706344	 	 	-178.026373407
1505239272.24	 	 	-0.0951490724075	 	 	0.978267358286	 	 	180.542000204	 	 	-0.998014187153	 	 	-0.0629895407261	 	 	-176.388574308
1505239272.29	 	 	-0.122866490496	 	 	0.975189988288	 	 	182.258395481	 	 	-0.995822581718	 	 	-0.0913092861636	 	 	-174.761066166
1505239272.36	 	 	-0.151028215527	 	 	0.971529113409	 	 	183.693852463	 	 	-0.992699236977	 	 	-0.120616022591	 	 	-173.072343685
1505239272.42	 	 	-0.178436162386	 	 	0.967156577767	 	 	185.670284464	 	 	-0.988817792506	 	 	-0.149128713609	 	 	-171.423562376
1505239272.48	 	 	-0.209745660165	 	 	0.9615492387	 	 	187.79544875	 	 	-0.983238540344	 	 	-0.182323812986	 	 	-169.494855309
1505239272.54	 	 	-0.236782543779	 	 	0.954988319875	 	 	189.138013967	 	 	-0.977796592703	 	 	-0.209556253303	 	 	-167.90365117
1505239272.6	 	 	-0.263779744764	 	 	0.947708920217	 	 	190.389395226	 	 	-0.971526303697	 	 	-0.236931722708	 	 	-166.294481381
1505239272.66	 	 	-0.290925706674	 	 	0.939855732699	 	 	191.923746623	 	 	-0.964258422558	 	 	-0.264963572072	 	 	-164.635211744
1505239272.72	 	 	-0.317822749245	 	 	0.931342720523	 	 	193.513765168	 	 	-0.956136304894	 	 	-0.29292211672	 	 	-162.967019864
1505239272.78	 	 	-0.344467342415	 	 	0.92216927909	 	 	195.635369425	 	 	-0.947153351727	 	 	-0.320781122127	 	 	-161.28982959
1505239272.84	 	 	-0.370070643256	 	 	0.912699837089	 	 	197.6859176	 	 	-0.937579171167	 	 	-0.347771904837	 	 	-159.648904725
1505239272.91	 	 	-0.395721470014	 	 	0.901870482984	 	 	199.384459378	 	 	-0.927376442453	 	 	-0.374129568442	 	 	-158.02947493
1505239272.97	 	 	-0.421124558066	 	 	0.890283578446	 	 	200.583358296	 	 	-0.916404329281	 	 	-0.400253801075	 	 	-156.405954234
1505239273.03	 	 	-0.450148107652	 	 	0.875451462896	 	 	202.662931487	 	 	-0.903043564044	 	 	-0.429548974436	 	 	-154.561059665
1505239273.09	 	 	-0.475121872983	 	 	0.862074763987	 	 	204.426259046	 	 	-0.890369590367	 	 	-0.4552383909	 	 	-152.919726234
1505239273.15	 	 	-0.499757957288	 	 	0.84816071278	 	 	206.040469936	 	 	-0.876812510581	 	 	-0.480832425372	 	 	-151.260216852
1505239273.21	 	 	-0.523922180862	 	 	0.834044872254	 	 	207.524852095	 	 	-0.862296049009	 	 	-0.506404506164	 	 	-149.575368931
1505239273.26	 	 	-0.547281302842	 	 	0.818758682598	 	 	209.409707335	 	 	-0.847726064155	 	 	-0.530434275054	 	 	-147.96519826
1505239273.33	 	 	-0.570379952001	 	 	0.802563468518	 	 	210.79464994	 	 	-0.832428478731	 	 	-0.554132500218	 	 	-146.349015681
1505239273.39	 	 	-0.59281156309	 	 	0.785746648655	 	 	212.341736129	 	 	-0.816669275504	 	 	-0.577105964661	 	 	-144.752752016
1505239273.45	 	 	-0.61473890492	 	 	0.768118425884	 	 	214.132481018	 	 	-0.800387148701	 	 	-0.599483454479	 	 	-143.167088251
1505239273.51	 	 	-0.636266738259	 	 	0.750370528908	 	 	215.605878027	 	 	-0.783077576412	 	 	-0.621924038224	 	 	-141.543225526
1505239273.57	 	 	-0.657556786287	 	 	0.732524287822	 	 	217.441558278	 	 	-0.764518204491	 	 	-0.644602136982	 	 	-139.864148381
1505239273.64	 	 	-0.678274133176	 	 	0.713773207098	 	 	218.956128708	 	 	-0.745547888818	 	 	-0.6664520579	 	 	-138.206180033
1505239273.7	 	 	-0.701649538474	 	 	0.690644324018	 	 	220.747438426	 	 	-0.723032923761	 	 	-0.690813571926	 	 	-136.305455315
1505239273.76	 	 	-0.721736141095	 	 	0.669704745698	 	 	222.371063053	 	 	-0.702286754669	 	 	-0.711894173468	 	 	-134.61075979
1505239273.82	 	 	-0.740359271497	 	 	0.648679965749	 	 	224.048938981	 	 	-0.682051503995	 	 	-0.73130414049	 	 	-133.004163548
1505239273.88	 	 	-0.758253178423	 	 	0.627654477005	 	 	226.191672872	 	 	-0.661287802052	 	 	-0.750132283572	 	 	-131.398162
1505239273.94	 	 	-0.776392719981	 	 	0.60578552499	 	 	228.053227267	 	 	-0.638705581915	 	 	-0.769451219786	 	 	-129.695365584
1505239274.0	 	 	-0.793842152574	 	 	0.583668625309	 	 	229.45905106	 	 	-0.615585169728	 	 	-0.788070364124	 	 	-127.994452077
1505239274.06	 	 	-0.809706310649	 	 	0.560874706689	 	 	230.822246255	 	 	-0.59365149137	 	 	-0.804722254442	 	 	-126.416559566
1505239274.12	 	 	-0.825705512094	 	 	0.537291455291	 	 	232.437462492	 	 	-0.569905648397	 	 	-0.821710138629	 	 	-124.743646592
1505239274.18	 	 	-0.840964761502	 	 	0.513697338619	 	 	233.995844858	 	 	-0.545712681068	 	 	-0.83797235618	 	 	-123.073379225
1505239274.25	 	 	-0.855252052864	 	 	0.489949698845	 	 	236.079309663	 	 	-0.521594586477	 	 	-0.853193464202	 	 	-121.43927411
1505239274.31	 	 	-0.868623674924	 	 	0.465605461327	 	 	237.858891386	 	 	-0.497529526537	 	 	-0.86744704174	 	 	-119.836688945
1505239274.37	 	 	-0.883801646968	 	 	0.437070649904	 	 	239.443248201	 	 	-0.468085089959	 	 	-0.883683398372	 	 	-117.910067212
1505239274.43	 	 	-0.895808599328	 	 	0.411793663911	 	 	240.81139894	 	 	-0.442897593351	 	 	-0.896572206687	 	 	-116.288905658
1505239274.49	 	 	-0.906800776213	 	 	0.386039766632	 	 	242.384364744	 	 	-0.417920281801	 	 	-0.908483702693	 	 	-114.703355649
1505239274.55	 	 	-0.917342615505	 	 	0.360025562328	 	 	243.909429633	 	 	-0.392042352037	 	 	-0.919947169249	 	 	-113.081640338
1505239274.61	 	 	-0.927027247222	 	 	0.333688809588	 	 	245.901289452	 	 	-0.366068117697	 	 	-0.930588057739	 	 	-111.47333128
1505239274.67	 	 	-0.93561602398	 	 	0.307106541298	 	 	247.859375199	 	 	-0.340509253162	 	 	-0.94024116508	 	 	-109.907903553
1505239274.73	 	 	-0.943600731153	 	 	0.280797129664	 	 	249.56429404	 	 	-0.314563213502	 	 	-0.949236527274	 	 	-108.334447413
1505239274.79	 	 	-0.950792707795	 	 	0.25403699109	 	 	250.999888256	 	 	-0.288379269216	 	 	-0.957516264659	 	 	