time	 	 	x	 	 	y	 	 	theta	 	 	xcmd	 	 	ycmd	 	 	thetacmd

1505234505.21	 	 	0.0338782727955	 	 	0.0170251583762	 	 	4.51847603598	 	 	0.313619053407	 	 	0.949548887283	 	 	71.7225325743
1505234505.27	 	 	0.0338802451601	 	 	0.0170048965311	 	 	4.51321902459	 	 	0.314094950176	 	 	0.949391574786	 	 	71.6938145852
1505234505.33	 	 	0.0338846796956	 	 	0.0170078696061	 	 	4.52003462213	 	 	0.314078033858	 	 	0.949397171182	 	 	71.6948354819
1505234505.39	 	 	0.0339298405907	 	 	0.0170323681011	 	 	4.60775598659	 	 	0.314035265162	 	 	0.949411318784	 	 	71.6974165382
1505234505.45	 	 	0.0363890435737	 	 	0.0172836797899	 	 	6.13240815902	 	 	0.334583049893	 	 	0.94236626782	 	 	70.4528145748
1505234505.51	 	 	0.0459963663981	 	 	0.0176100975442	 	 	7.62922745567	 	 	0.406428181377	 	 	0.913682731249	 	 	66.0193446592
1505234505.57	 	 	0.0585764217392	 	 	0.0185929674523	 	 	10.1905041843	 	 	0.458361619406	 	 	0.888765787964	 	 	62.7185637698
1505234505.63	 	 	0.0746522272304	 	 	0.0210478107045	 	 	13.3098303155	 	 	0.48605492371	 	 	0.873928264297	 	 	60.9183887182
1505234505.69	 	 	0.0934757688443	 	 	0.0245606706583	 	 	17.8974965458	 	 	0.500143502449	 	 	0.865942536753	 	 	59.9905055001
1505234505.75	 	 	0.114522574365	 	 	0.0316083521305	 	 	20.9939759492	 	 	0.487299209864	 	 	0.873235065756	 	 	60.8367794813
1505234505.81	 	 	0.138278570853	 	 	0.0393458949343	 	 	24.4221100659	 	 	0.477442467051	 	 	0.878663013138	 	 	61.4815016951
1505234505.87	 	 	0.16241115423	 	 	0.0490348089104	 	 	26.9144893596	 	 	0.459633891706	 	 	0.888108487514	 	 	62.6365142723
1505234505.93	 	 	0.186288097255	 	 	0.0597196753534	 	 	29.0063320549	 	 	0.440060695346	 	 	0.897968030841	 	 	63.8922461974
1505234505.99	 	 	0.210218492761	 	 	0.0712748521516	 	 	30.7423053182	 	 	0.419829496605	 	 	0.907602993484	 	 	65.1761766325
1505234506.06	 	 	0.237931029084	 	 	0.0854261248215	 	 	33.3265018346	 	 	0.396496921284	 	 	0.91803605126	 	 	66.6406340388
1505234506.12	 	 	0.260433129107	 	 	0.0980548816317	 	 	35.9042029745	 	 	0.375604579737	 	 	0.926780016876	 	 	67.93831552
1505234506.18	 	 	0.281363840054	 	 	0.111769059533	 	 	37.7601631132	 	 	0.351600140681	 	 	0.936150276971	 	 	69.4147818617
1505234506.24	 	 	0.302164250776	 	 	0.127089894038	 	 	40.7800820459	 	 	0.324557776284	 	 	0.945865873078	 	 	71.0612148414
1505234506.3	 	 	0.321359163366	 	 	0.143319022794	 	 	44.4684664187	 	 	0.295518743625	 	 	0.955336941695	 	 	72.8113538909
1505234506.36	 	 	0.339342003076	 	 	0.160109118957	 	 	48.1885106966	 	 	0.265734256003	 	 	0.964046319005	 	 	74.5894130344
1505234506.42	 	 	0.355853676139	 	 	0.178207375438	 	 	52.124478717	 	 	0.233159144188	 	 	0.972438591111	 	 	76.5168645692
1505234506.48	 	 	0.37092972508	 	 	0.196952749775	 	 	55.9997037457	 	 	0.199514908422	 	 	0.979894790943	 	 	78.4914063615
1505234506.54	 	 	0.38485153894	 	 	0.216825631891	 	 	59.6857591958	 	 	0.163890889191	 	 	0.986478472365	 	 	80.5671899661
1505234506.6	 	 	0.397597453817	 	 	0.237219139741	 	 	64.2115533181	 	 	0.127637311483	 	 	0.991820909599	 	 	82.6669171718
1505234506.66	 	 	0.408367355619	 	 	0.259551308836	 	 	68.2212263514	 	 	0.0872957138703	 	 	0.996182442297	 	 	84.9919495618
1505234506.72	 	 	0.417356467738	 	 	0.281282285003	 	 	72.0231564173	 	 	0.0483269462457	 	 	0.99883157052	 	 	87.2299910059
1505234506.78	 	 	0.425111013621	 	 	0.303970570644	 	 	76.5624520768	 	 	0.00779343358907	 	 	0.999969630735	 	 	89.5534646271
1505234506.84	 	 	0.43058399638	 	 	0.326629616768	 	 	82.0081020945	 	 	-0.0329443267153	 	 	0.999457188346	 	 	91.8879124857
1505234506.9	 	 	0.434496425336	 	 	0.348938647691	 	 	86.6691208832	 	 	-0.0729424433679	 	 	0.997336151935	 	 	94.1830091126
1505234506.96	 	 	0.435728331681	 	 	0.367563454683	 	 	94.6905301771	 	 	-0.106764433667	 	 	0.994284343487	 	 	96.1288326741
1505234507.02	 	 	0.433654045951	 	 	0.382403493428	 	 	106.234552001	 	 	-0.134923948433	 	 	0.990855957311	 	 	97.7542222195
1505234507.08	 	 	0.427145530557	 	 	0.396462502277	 	 	118.354280147	 	 	-0.163792973037	 	 	0.986494734899	 	 	99.4271230004
1505234507.14	 	 	0.417019464128	 	 	0.411361062978	 	 	127.468366574	 	 	-0.19609422471	 	 	0.980585057522	 	 	101.30865224
1505234507.21	 	 	0.401097893463	 	 	0.42804212751	 	 	130.873252763	 	 	-0.235148520283	 	 	0.971959450496	 	 	103.600377695
1505234507.27	 	 	0.384844534758	 	 	0.447955804767	 	 	138.671505037	 	 	-0.28000179425	 	 	0.959999476675	 	 	106.260311795
1505234507.33	 	 	0.36570270079	 	 	0.467249853664	 	 	139.71861732	 	 	-0.325732831803	 	 	0.9454618566	 	 	109.009979286
1505234507.39	 	 	0.345101495107	 	 	0.4877985819	 	 	139.473462449	 	 	-0.374324209823	 	 	0.927297894929	 	 	111.982551041
1505234507.45	 	 	0.324896025761	 	 	0.508712215167	 	 	139.293360868	 	 	-0.42250507174	 	 	0.906360559796	 	 	114.992844461
1505234507.51	 	 	0.304740324175	 	 	0.529918829019	 	 	139.004855665	 	 	-0.470062922454	 	 	0.882632907235	 	 	118.038381045
1505234507.57	 	 	0.284323856936	 	 	0.551385201915	 	 	138.191568836	 	 	-0.516904444716	 	 	0.85604310349	 	 	121.124835887
1505234507.63	 	 	0.26516256089	 	 	0.57256839076	 	 	137.840700152	 	 	-0.560766582477	 	 	0.827973936774	 	 	124.10882862
1505234507.69	 	 	0.245747085998	 	 	0.593968709148	 	 	137.344184259	 	 	-0.603465093123	 	 	0.797389416397	 	 	127.118471848
1505234507.75	 	 	0.225908119377	 	 	0.615524851076	 	 	137.401611383	 	 	-0.644907859624	 	 	0.764260330382	 	 	130.158767452
1505234507.81	 	 	0.207257500327	 	 	0.635619516962	 	 	138.092393753	 	 	-0.681951338334	 	 	0.731397547264	 	 	132.99631633
1505234507.87	 	 	0.189514935416	 	 	0.653731344438	 	 	141.046134154	 	 	-0.714594186397	 	 	0.699539240335	 	 	135.609951132
1505234507.93	 	 	0.170677752658	 	 	0.669852561971	 	 	144.498973104	 	 	-0.744698404435	 	 	0.667401143565	 	 	138.133200693
1505234507.99	 	 	0.152135985163	 	 	0.682753643618	 	 	147.261251361	 	 	-0.77034273546	 	 	0.637630041579	 	 	140.38467618
1505234508.05	 	 	0.129137393199	 	 	0.697954560864	 	 	152.010575015	 	 	-0.799974879806	 	 	0.600033492132	 	 	143.127703619
1505234508.12	 	 	0.105542566544	 	 	0.710536417553	 	 	154.142775639	 	 	-0.826336026556	 	 	0.563177388765	 	 	145.724178578
1505234508.18	 	 	0.0803632077667	 	 	0.724942405089	 	 	154.012220041	 	 	-0.85350277556	 	 	0.521088295888	 	 	148.594719418
1505234508.24	 	 	0.0549207812805	 	 	0.739419888246	 	 	153.816411325	 	 	-0.878924152372	 	 	0.476961564885	 	 	151.512855661
1505234508.3	 	 	0.0294137383381	 	 	0.754139691872	 	 	153.909634245	 	 	-0.90242731606	 	 	0.430842127965	 	 	154.478984426
1505234508.36	 	 	0.00388950373878	 	 	0.769351046951	 	 	153.374711588	 	 	-0.92395139979	 	 	0.382509883305	 	 	157.510762487
1505234508.42	 	 	-0.0210754565426	 	 	0.784572389476	 	 	153.303105764	 	 	-0.942826847989	 	 	0.333282964927	 	 	160.531840293
1505234508.48	 	 	-0.0462445689326	 	 	0.799449364525	 	 	153.094823303	 	 	-0.959193477617	 	 	0.282750548183	 	 	163.575565165
1505234508.54	 	 	-0.0718660054085	 	 	0.814587278336	 	 	152.410515863	 	 	-0.973229644937	 	 	0.229834849871	 	 	166.712651133
1505234508.6	 	 	-0.0974913706001	 	 	0.830193724435	 	 	151.856600531	 	 	-0.984599469434	 	 	0.174825297913	 	 	169.93150831
1505234508.66	 	 	-0.122705900854	 	 	0.845586151767	 	 	151.748997593	 	 	-0.992864005552	 	 	0.119252113103	 	 	173.151058121
1505234508.72	 	 	-0.147779785913	 	 	0.861839717536	 	 	151.204750157	 	 	-0.99811769121	 	 	0.0613275997627	 	 	176.483981011
1505234508.78	 	 	-0.172599650506	 	 	0.877921561099	 	 	151.182860913	 	 	-0.999996205677	 	 	0.00275474694029	 	 	179.842164427
1505234508.84	 	 	-0.197138251916	 	 	0.893516223536	 	 	151.050305818	 	 	-0.998443433855	 	 	-0.0557737338903	 	 	-176.802741353
1505234508.91	 	 	-0.225771239332	 	 	0.911592628632	 	 	150.989714714	 	 	-0.992160370363	 	 	-0.124971194604	 	 	-172.82090769
1505234508.97	 	 	-0.248719977841	 	 	0.920365516165	 	 	148.17433115	 	 	-0.98505199782	 	 	-0.172257254104	 	 	-170.080913412
1505234509.03	 	 	-0.272207230848	 	 	0.932524224885	 	 	149.823655669	 	 	-0.974172343441	 	 	-0.225805768913	 	 	-166.949735213
1505234509.09	 	 	-0.294199395754	 	 	0.949354147053	 	 	160.248623474	 	 	-0.958718266466	 	 	-0.284357671859	 	 	-163.479542621
1505234509.15	 	 	-0.315840253969	 	 	0.957473370839	 	 	166.297994616	 	 	-0.944365014684	 	 	-0.328899253635	 	 	-160.798021712
1505234509.21	 	 	-0.337865852581	 	 	0.963427578105	 	 	171.516290484	 	 	-0.928808682426	 	 	-0.370559619293	 	 	-158.249865412
1505234509.27	 	 	-0.362407428244	 	 	0.96765344006	 	 	174.483707087	 	 	-0.910650467016	 	 	-0.413177597316	 	 	-155.595396574
1505234509.33	 	 	-0.388436505448	 	 	0.971206788484	 	 	176.66639674	 	 	-0.889606063721	 	 	-0.45672864087	 	 	-152.823786704
1505234509.39	 	 	-0.415388823854	 	 	0.974256137313	 	 	178.536652731	 	 	-0.865747980828	 	 	-0.500480203097	 	 	-149.96822493
1505234509.45	 	 	-0.442158196714	 	 	0.976714732257	 	 	180.223418877	 	 	-0.840021494543	 	 	-0.54255312063	 	 	-147.142389461
1505234509.51	 	 	-0.469236529993	 	 	0.977994735396	 	 	182.199204839	 	 	-0.812594957423	 	 	-0.5828288215	 	 	-144.350246162
1505234509.57	 	 	-0.495732813229	 	 	0.978476388853	 	 	184.531808433	 	 	-0.784205014822	 	 	-0.620501808803	 	 	-141.647211523
1505234509.63	 	 	-0.521946926194	 	 	0.970363458111	 	 	187.834024925	 	 	-0.762033136709	 	 	-0.647538028658	 	 	-139.643764054
1505234509.69	 	 	-0.547863695704	 	 	0.968007829256	 	 	190.1330825	 	 	-0.733110757883	 	 	-0.680109268189	 	 	-137.147817765
1505234509.75	 	 	-0.57417000631	 	 	0.964531411472	 	 	192.544807835	 	 	-0.702917595099	 	 	-0.711271294585	 	 	-134.661554294
1505234509.81	 	 	-0.600027326044	 	 	0.960646185172	 	 	194.850077226	 	 	-0.67192674162	 	 	-0.740617616518	 	 	-132.215946374
1505234509.87	 	 	-0.625663481923	 	 	0.955462158098	 	 	197.497454792	 	 	-0.640830811249	 	 	-0.767682142136	 	 	-129.853798934
1505234509.94	 	 	-0.655517240153	 	 	0.948418544	 	 	200.359192624	 	 	-0.603589464932	 	 	-0.797295276434	 	 	-127.127409013
1505234510.0	 	 	-0.6799362361	 	 	0.947947673322	 	 	201.919407623	 	 	-0.566460305378	 	 	-0.824089025792	 	 	-124.503759089
1505234510.06	 	 	-0.705322315221	 	 	0.939184719534	 	 	204.123497449	 	 	-0.534492915272	 	 	-0.845172954799	 	 	-122.30952871
1505234510.12	 	 	-0.729757481197	 	 	0.9294417061	 	 	206.669316686	 	 	-0.503604562523	 	 	-0.863934282574	 	 	-120.238763854
1505234510.18	 	 	-0.75410346789	 	 	0.918623603114	 	 	208.812697248	 	 	-0.472536230191	 	 	-0.881311245337	 	 	-118.199055068
1505234510.24	 	 	-0.778223577414	 	 	0.906723946373	 	 	211.068387071	 	 	-0.441519396362	 	 	-0.897251705284	 	 	-116.200864848
1505234510.3	 	 	-0.801704284991	 	 	0.894107575311	 	 	213.387115549	 	 	-0.410971938315	 	 	-0.911647994523	 	 	-114.265905081
1505234510.36	 	 	-0.825156980185	 	 	0.881131260513	 	 	215.485418631	 	 	-0.379543361129	 	 	-0.925173949602	 	 	-112.305400268
1505234510.42	 	 	-0.848318381966	 	 	0.866687598244	 	 	217.120763237	 	 	-0.348621258685	 	 	-0.93726368648	 	 	-110.403008306
1505234510.48	 	 	-0.870786296494	 	 	0.851419598439	 	 	218.963794397	 	 	-0.318407169177	 	 	-0.94795404668	 	 	-108.566624547
1505234510.54	 	 	-0.892571514251	 	 	0.835620224038	 	 	220.899952105	 	 	-0.288691942972	 	 	-0.957422039679	 	 	-106.779660756
1505234510.6	 	 	-0.913797080105	 	 	0.818607901289	 	 	222.666740647	 	 	-0.259739815442	 	 	-0.965678636128	 	 	-105.054624279
1505234510.66	 	 	-0.934183265751	 	 	0.801896869658	 	 	224.866766227	 	 	-0.231081408074	 	 	-0.972934418572	 	 	-103.360747113
1505234510.72	 	 	-0.953782922314	 	 	0.784245105521	 	 	226.846279715	 	 	-0.203483744805	 	 	-0.979078324548	 	 	-101.740753295
1505234510.78	 	 	-0.973199659589	 	 	0.765864923787	 	 	228.8227122	 	 	-0.175604204604	 	 	-0.984460849057	 	 	-100.11382099
1505234510.85	 	 	-0.995975291146	 	 	0.742558515819	 	 	230.520605806	 	 	-0.142435864616	 	 	-0.989804033368	 	 	-98.188823849
1505234510.91	 	 	-1.01443895906	 	 	0.722552166841	 	 	232.255276202	 	 	-0.114918013081	 	 	-0.993374979688	 	 	-96.5988961931
1505234510.97	 	 	-1.03252087751	 	 	0.701716331726	 	 	234.308744612	 	 	-0.0874516284926	 	 	-0.996168767164	 	 	-95.0170179835
1505234511.03	 	 	-1.04926217185	 	 	0.680608127898	 	 	236.465966991	 	 	-0.0617255389689	 	 	-0.998093160902	 	 	-93.5388625043
1505234511.09	 	 	-1.06580083328	 	 	0.659258007291	 	 	238.013923521	 	 	-0.0354594411504	 	 	-0.999371116269	 	 	-92.032102325
1505234511.15	 	 	-1.08178306348	 	 	0.637669040773	 	 	239.880393432	 	 	-0.00939083205728	 	 	-0.999955905164	 	 	-90.5380629516
1505234511.21	 	 	-1.09720388028	 	 	0.614960609985	 	 	241.122330833	 	 	0.0162494155812	 	 	-0.999867969531	 	 	-89.068936091
1505234511.27	 	 	-1.11239087377	 	 	0.591597152602	 	 	242.018106611	 	 	0.0423089274222	 	 	-0.999104576439	 	 	-87.5751532248
1505234511.33	 	 	-1.12651587843	 	 	0.568189629452	 	 	243.518952878	 	 	0.067231167123	 	 	-0.997737425462	 	 	-86.1450300477
1505234511.39	 	 	-1.1403373883	 	 	0.544567612264	 	 	245.296365679	 	 	0.0924952213592	 	 	-0.995713128379	 	 	-84.6928283002
1505234511.45	 	 	-1.15334049793	 	 	0.521003369153	 	 	246.849340187	 	 	0.117059467355	 	 	-0.9931249071	 	 	-83.2775737275
1505234511.51	 	 	-1.16534216839	 	 	0.497109006247	 	 	248.69568703	 	 	0.140517336533	 	 	-0.99007821819	 	 	-81.9222166207
1505234511.57	 	 	-1.17628443832	 	 	0.472903600186	 	 	250.623905565	 	 	0.162773286202	 	 	-0.9866634975	 	 	-80.6320955113
1505234511.63	 	 	-1.18694077082	 	 	0.44782894913	 	 	251.797987487	 	 	0.185425288294	 	 	-0.98265836508	 	 	-79.3140713648
1505234511.69	 	 	-1.19726058904	 	 	0.422548178811	 	 	253.151543013	 	 	0.208361869092	 	 	-0.978051804103	 	 	-77.973629156
1505234511.75	 	 	-1.20643191074	 	 	0.397165173869	 	 	254.786441757	 	 	0.229973337553	 	 	-0.973196929719	 	 	-76.7044979768
1505234511.81	 	 	-1.21553936351	 	 	0.371559722528	 	 	256.406835811	 	 	0.252391482671	 	 	-0.967625206097	 	 	-75.3809269445
1505234511.87	 	 	-1.22392219952	 	 	0.345386246364	 	 	258.137001565	 	 	0.274416108128	 	 	-0.961611043822	 	 	-74.0727789494
1505234511.93	 	 	-1.23125507516	 	 	0.319114030506	 	 	259.811529231	 	 	0.295351815982	 	 	-0.955388562207	 	 	-72.821365009
1505234512.0	 	 	-1.2374346416	 	 	0.292462831035	 	 	261.072282357	 	 	0.315115656579	 	 	-0.949053277208	 	 	-71.632203985
1505234512.06	 	 	-1.24444049331	 	 	0.260522166553	 	 	262.512722469	 	 	0.339229771856	 	 	-0.940703546228	 	 	-70.170045434
1505234512.12	 	 	-1.25003430299	 	 	0.233591529334	 	 	263.777739076	 	 	0.35993438187	 	 	-0.932977620711	 	 	-68.9038337542
1505234512.18	 	 	-1.25444895977	 	 	0.206558154381	 	 	265.203718937	 	 	0.379382420693	 	 	-0.925239957454	 	 	-67.7045663755
1505234512.24	 	 	-1.2588583022	 	 	0.178801779932	 	 	267.077569375	 	 	0.399996688626	 	 	-0.916516584186	 	 	-66.4220285316
1505234512.3	 	 	-1.26227601774	 	 	0.151789271701	 	 	269.307649585	 	 	0.419324704303	 	 	-0.907836324654	 	 	-65.2080394079
1505234512.36	 	 	-1.26471855815	 	 	0.124536177431	 	 	270.529544622	 	 	0.4378798688	 	 	-0.899033492424	 	 	-64.0313135204
1505234512.42	 	 	-1.26614983559	 	 	0.0962819655846	 	 	271.596697713	 	 	0.456087955337	 	 	-0.889934703783	 	 	-62.865042938
1505234512.48	 	 	-1.26738636972	 	 	0.0680490725035	 	 	272.803619895	 	 	0.474815104543	 	 	-0.880085573395	 	 	-61.6526878125
1505234512.54	 	 	-1.26814846228	 	 	0.039865599865	 	 	274.204680304	 	 	0.493544994067	 	 	-0.869720264701	 	 	-60.4261487134
1505234512.61	 	 	-1.26798492366	 	 	0.00757707122269	 	 	275.862387499	 	 	0.514299792204	 	 	-0.857610473198	 	 	-59.0493363994
1505234512.67	 	 	-1.26769504749	 	 	-0.0200547440872	 	 	277.272825017	 	 	0.532625855008	 	 	-0.846350812948	 	 	-57.8169544427
1505234512.73	 	 	-1.26623038242	 	 	-0.0471783505193	 	 	278.735153591	 	 	0.549481200539	 	 	-0.835506080321	 	 	-56.6685715633
1505234512.79	 	 	-1.26362911322	 	 	-0.0748295005967	 	 	280.270216278	 	 	0.565715235099	 	 	-0.824600674737	 	 	-55.5480267373
1505234512.85	 	 	-1.26049071927	 	 	-0.10255683446	 	 	281.51286972	 	 	0.58195343177	 	 	-0.813222111881	 	 	-54.4119457633
1505234512.91	 	 	-1.25688903486	 	 	-0.130122493815	 	 	283.010100248	 	 	0.598118121847	 	 	-0.801407956236	 	 	-53.2647633887
1505234512.97	 	 	-1.25288488672	 	 	-0.15749750166	 	 	284.447702861	 	 	0.614251202418	 	 	-0.789110550131	 	 	-52.1024685468
1505234513.03	 	 	-1.24805129621	 	 	-0.184885230351	 	 	285.891395747	 	 	0.629918757572	 	 	-0.776661032149	 	 	-50.9558711284
1505234513.09	 	 	-1.24343265989	 	 	-0.21143964328	 	 	287.162903211	 	 	0.645810738343	 	 	-0.763497537809	 	 	-49.7735109078
1505234513.15	 	 	-1.23724936738	 	 	-0.238099137237	 	 	288.59717162	 	 	0.660345524094	 	 	-0.750961909027	 	 	-48.6737702526
1505234513.21	 	 	-1.23012794378	 	 	-0.264626540199	 	 	289.680229993	 	 	0.674212754078	 	 	-0.738537177289	 	 	-47.6069541606
1505234513.27	 	 	-1.2225052003	 	 	-0.291214722423	 	 	290.955167665	 	 	0.688146699912	 	 	-0.725571581169	 	 	-46.5164174342
1505234513.33	 	 	-1.21420486458	 	 	-0.317575118718	 	 	293.04366604	 	 	0.701688268436	 	 	-0.712484086798	 	 	-45.437388562
1505234513.39	 	 	-1.20565936446	 	 	-0.34331602846	 	 	294.300722801	 	 	0.714980753093	 	 	-0.699144135859	 	 	-44.3583781697
1505234513.46	 	 	-1.19462942301	 	 	-0.37295360793	 	 	295.632761423	 	 	0.729660592418	 	 	-0.68380949092	 	 	-43.1420521367
1505234513.52	 	 	-1.18404638195	 	 	-0.399661169089	 	 	297.497543147	 	 	0.742843622964	 	 	-0.669464974305	 	 	-42.0257846847
1505234513.58	 	 	-1.17288636369	 	 	-0.424978923235	 	 	298.770303882	 	 	0.754745385205	 	 	-0.6560178378	 	 	-40.9968729357
1505234513.64	 	 	-1.16120279873	 	 	-0.450109207196	 	 	299.835867298	 	 	0.76651345702	 	 	-0.642228246193	 	 	-39.9581755887
1505234513.7	 	 	-1.14895769062	 	 	-0.474670662468	 	 	300.864308327	 	 	0.777758721643	 	 	-0.628562941087	 	 	-38.944178337
1505234513.76	 	 	-1.13617265561	 	 	-0.499822544223	 	 	302.776716838	 	 	0.789578284783	 	 	-0.613649844943	 	 	-37.8538809974
1505234513.82	 	 	-1.12324613832	 	 	-0.524500882122	 	 	303.740098626	 	 	0.801320836817	 	 	-0.598234833893	 	 	-36.7435812641
1505234513.88	 	 	-1.10961207441	 	 	-0.548441663383	 	 	305.333786313	 	 	0.812243775243	 	 	-0.583318137537	 	 	-35.684262792
1505234513.94	 	 	-1.0950525904	 	 	-0.572120450079	 	 	306.565489858	 	 	0.822643862732	 	 	-0.56855701131	 	 	-34.6496629414
1505234514.0	 	 	-1.08055596501	 	 	-0.595352215748	 	 	307.429127622	 	 	0.833114185375	 	 	-0.553101034285	 	 	-33.580018095
1505234514.06	 	 	-1.06212444178	 	 	-0.625230032142	 	 	309.142525991	 	 	0.847250547477	 	 	-0.531193476805	 	 	-32.0861287645
1505234514.12	 	 	-1.04620609949	 	 	-0.647556644868	 	 	310.809289953	 	 	0.856747305866	 	 	-0.515736419008	 	 	-31.0466909694
1505234514.18	 	 	-1.03000311789	 	 	-0.669903480131	 	 	312.261885618	 	 	0.866430568048	 	 	-0.499297577354	 	 	-29.9535389626
1505234514.24	 	 	-1.01338576759	 	 	-0.692304231005	 	 	313.719035262	 	 	0.876218213572	 	 	-0.481914559029	 	 	-28.8105197106
1505234514.31	 	 	-0.992620575945	 	 	-0.716726867242	 	 	315.154539141	 	 	0.885800879937	 	 	-0.464065513805	 	 	-27.6497604598
1505234514.36	 	 	-0.974266791106	 	 	-0.737949850663	 	 	316.596125862	 	 	0.894313388439	 	 	-0.447441128259	 	 	-26.5796275409
1505234514.43	 	 	-0.958843893255	 	 	-0.75136081135	 	 	318.217552884	 	 	0.898074658133	 	 	-0.439843049756	 	 	-26.093867525
1505234514.49	 	 	-0.939467497471	 	 	-0.771209256621	 	 	319.666850808	 	 	0.905573721668	 	 	-0.42418891384	 	 	-25.0993350983
1505234514.55	 	 	-0.919512158718	 	 	-0.790949260787	 	 	321.087796572	 	 	0.913025488913	 	 	-0.407902508689	 	 	-24.0731416101
1505234514.61	 	 	-0.899301929036	 	 	-0.810896173948	 	 	322.128982165	 	 	0.920779486697	 	 	-0.390083499879	 	 	-22.9596951066
1505234514.67	 	 	-0.878486504047	 	 	-0.830506147889	 	 	322.819983774	 	 	0.928253360006	 	 	-0.371948517455	 	 	-21.8358376896
1505234514.73	 	 	-0.857011082085	 	 	-0.848897415425	 	 	323.875108797	 	 	0.934810347203	 	 	-0.35514731417	 	 	-20.8024731933
1505234514.79	 	 	-0.835200712543	 	 	-0.867081778851	 	 	324.773169466	 	 	0.941303679791	 	 	-0.337560931406	 	 	-19.7283423213
1505234514.85	 	 	-0.813329679344	 	 	-0.884543338271	 	 	326.355533301	 	 	0.947429595413	 	 	-0.319964313221	 	 	-18.6607667142
1505234514.91	 	 	-0.791372517819	 	 	-0.901155181954	 	 	328.063643467	 	 	0.953092890624	 	 	-0.302677950704	 	 	-17.6185182681
1505234514.97	 	 	-0.768866727869	 	 	-0.917407450213	 	 	329.624387427	 	 	0.958505279454	 	 	-0.285074778362	 	 	-16.5633184991
1505234515.03	 	 	-0.746205100283	 	 	-0.933175600873	 	 	331.040236483	 	 	0.963659268079	 	 	-0.267134451253	 	 	-15.4938209042
1505234515.09	 	 	-0.724335565657	 	 	-0.948622532091	 	 	332.165481334	 	 	0.968753864623	 	 	-0.248024091123	 	 	-14.3606188276
1505234515.16	 	 	-0.69622070347	 	 	-0.96536554125	 	 	333.764195468	 	 	0.97365909001	 	 	-0.228008720098	 	 	-13.1798650688
1505234515.22	 	 	-0.67201715819	 	 	-0.979608028041	 	 	335.151180792	 	 	0.977797907115	 	 	-0.209550120119	 	 	-12.0959894452
1505234515.28	 	 	-0.6476893279	 	 	-0.992780184181	 	 	336.690128269	 	 	0.981403875226	 	 	-0.191954248952	 	 	-11.0668539487
1505234515.34	 	 	-0.62291760596	 	 	-1.00533116258	 	 	338.498324333	 	 	0.98467126696	 	 	-0.174420457585	 	 	-10.044934094
1505234515.4	 	 	-0.597549427919	 	 	-1.01775494913	 	 	339.639238434	 	 	0.987773181346	 	 	-0.155897858274	 	 	-8.9688727906
1505234515.46	 	 	-0.571673505499	 	 	-1.02936317104	 	 	340.987032745	 	 	0.990461849464	 	 	-0.137787244532	 	 	-7.9198237875
1505234515.52	 	 	-0.545432685212	 	 	-1.04009710002	 	 	342.07457328	 	 	0.99275505672	 	 	-0.120155721281	 	 	-6.90108977864
1505234515.58	 	 	-0.519253714694	 	 	-1.05016754066	 	 	343.325017433	 	 	0.994737112125	 	 	-0.102460127668	 	 	-5.88085326516
1505234515.64	 	 	-0.490667192682	 	 	-1.05901717427	 	 	346.968163062	 	 	0.996277352818	 	 	-0.0862057785873	 	 	-4.94536542389
1505234515.7	 	 	-0.464135152403	 	 	-1.06800663191	 	 	347.675948394	 	 	0.997696041103	 	 	-0.0678425350871	 	 	-3.8900789184
1505234515.76	 	 	-0.438130649344	 	 	-1.07708321407	 	 	347.530454183	 	 	0.998856912836	 	 	-0.0478002895325	 	 	-2.73979887227
1505234515.82	 	 	-0.410968342377	 	 	-1.08482550149	 	 	348.933632663	 	 	0.999572205611	 	 	-0.0292473207349	 	 	-1.67598703961
1505234515.88	 	 	-0.38338865528	 	 	-1.09186016918	 	 	349.948145988	 	 	0.999942628185	 	 	-0.0107116916764	 	 	-0.613746461798
1505234515.94	 	 	-0.357677399551	 	 	-1.09697461174	 	 	349.202096944	 	 	0.999988867264	 	 	0.0047186172636	 	 	0.270357857617
1505234516.0	 	 	-0.330292193975	 	 	-1.1045429353	 	 	353.678515984	 	 	0.999625308227	 	 	0.0273723062802	 	 	1.56851353333
1505234516.06	 	 	-0.30248539036	 	 	-1.10991093357	 	 	356.671722165	 	 	0.998909088919	 	 	0.0466972384024	 	 	2.67652803087
1505234516.12	 	 	-0.275508125668	 	 	-1.11424216931	 	 	357.885918965	 	 	0.99788950172	 	 	0.0649349086094	 	 	3.72311578491
1505234516.18	 	 	-0.247860872678	 	 	-1.11861220155	 	 	359.224238119	 	 	0.996386533301	 	 	0.0849345410088	 	 	4.8722607336
1505234516.24	 	 	-0.219646062773	 	 	-1.1219193811	 	 	359.868717876	 	 	0.994546235611	 	 	0.104296621379	 	 	5.98664343219
1505234516.3	 	 	-0.185289712196	 	 	-1.12596176908	 	 	0.0613977687835	 	 	0.991522554243	 	 	0.129934692932	 	 	7.46581848849
1505234516.37	 	 	-0.156849564197	 	 	-1.12882606424	 	 	0.809897868121	 	 	0.988419260937	 	 	0.151747700506	 	 	8.72822196154
1505234516.43	 	 	-0.129247230468	 	 	-1.13133000023	 	 	2.45909041148	 	 	0.984796871677	 	 	0.173709877484	 	 	10.0035896942
1505234516.49	 	 	-0.101970153073	 	 	-1.13295152345	 	 	4.08648507579	 	 	0.980822255792	 	 	0.19490434203	 	 	11.2391355758
1505234516.55	 	 	-0.0746558941241	 	 	-1.13407710523	 	 	6.03290134206	 	 	0.976311607404	 	 	0.216369233599	 	 	12.4958696296
1505234516.61	 	 	-0.0471797488962	 	 	-1.13366998547	 	 	7.32593936055	 	 	0.97174169675	 	 	0.236046764005	 	 	13.6533339537
1505234516.67	 	 	-0.0198401535718	 	 	-1.13242786549	 	 	8.85120885773	 	 	0.966883698034	 	 	0.255217386704	 	 	14.7864667118
1505234516.73	 	 	0.00787055314082	 	 	-1.13071628215	 	 	10.5705398778	 	 	0.961426766471	 	 	0.275061034524	 	 	15.9656514538
1505234516.79	 	 	0.0352227558423	 	 	-1.12837937555	 	 	12.0187230373	 	 	0.955605448738	 	 	0.294649327746	 	 	17.1365107258
1505234516.85	 	 	0.0620938834234	 	 	-1.12523548217	 	 	13.780107642	 	 	0.949596930721	 	 	0.313473554171	 	 	18.268688224
1505234516.91	 	 	0.0892961562515	 	 	-1.12159760003	 	 	15.5509261918	 	 	0.942959447525	 	 	0.332907615299	 	 	19.4453512381
1505234516.97	 	 	0.116376619253	 	 	-1.1167612732	 	 	16.7379231078	 	 	0.936298796043	 	 	0.351204448331	 	 	20.5610022581
1505234517.03	 	 	0.143364209807	 	 	-1.11085655209	 	 	17.8811114897	 	 	0.92954864395	 	 	0.368699496243	 	 	21.6354341882
1505234517.1	 	 	0.174943330822	 	 	-1.10337162408	 	 	19.6256797363	 	 	0.920916058812	 	 	0.389760968571	 	 	22.9396269878
1505234517.16	 	 	0.202071929669	 	 	-1.09643159142	 	 	20.8696269543	 	 	0.912831993233	 	 	0.40833534274	 	 	24.1003064509
1505234517.22	 	 	0.230753774569	 	 	-1.09201553926	 	 	19.6190408548	 	 	0.9007875343	 	 	0.434260081114	 	 	25.7382210339
1505234517.28	 	 	0.257012291618	 	 	-1.08419477193	 	 	21.8153866968	 	 	0.891680676013	 	 	0.452664966643	 	 	26.9147944316
1505234517.34	 	 	0.282705354561	 	 	-1.07588974221	 	 	23.8183159453	 	 	0.882286517164	 	 	0.470712759153	 	 	28.080573224
1505234517.39	 	 	0.308123167723	 	 	-1.06585683426	 	 	25.5040139735	 	 	0.873513648746	 	 	0.486799656384	 	 	29.1304484262
1505234517.46	 	 	0.333131699147	 	 	-1.05491831314	 	 	27.8524434062	 	 	0.86478289339	 	 	0.502145942232	 	 	30.1420762428
1505234517.52	 	 	0.357733833725	 	 	-1.04359158591	 	 	30.33938878	 	 	0.855655872491	 	 	0.517545194038	 	 	31.1677315492
1505234517.58	 	 	0.382183351349	 	 	-1.03135977766	 	 	31.6530694972	 	 	0.846380802555	 	 	0.532578198077	 	 	32.1798193625
1505234517.64	 	 	0.406684324386	 	 	-1.01872057208	 	 	33.1657356073	 	 	0.836308690444	 	 	0.548258857008	 	 	33.2476450963
1505234517.7	 	 	0.430297710608	 	 	-1.00535555165	 	 	34.6087823462	 	 	0.826542172359	 	 	0.56287479719	 	 	34.2548432035
1505234517.76	 	 	0.454446516107	 	 	-0.991131773041	 	 	35.7442781028	 	 	0.81586335497	 	 	0.578244745775	 	 	35.3271818733
1505234517.82	 	 	0.478309348625	 	 	-0.976102027202	 	 	37.0612803726	 	 	0.804935023896	 	 	0.593362964217	 	 	36.3960193076
1505234517.88	 	 	0.50163351671	 	 	-0.960379120292	 	 	38.4256731681	 	 	0.793905417511	 	 	0.608041271663	 	 	37.4480085103
1505234517.94	 	 	0.525196643194	 	 	-0.944050504596	 	 	39.6156982392	 	 	0.781818898921	 	 	0.623505580801	 	 	38.5725849256
1505234518.0	 	 	0.548242055689	 	 	-0.927815527418	 	 	41.6165897566	 	 	0.768867081684	 	 	0.639408641404	 	 	39.7477375004
1505234518.06	 	 	0.570408311867	 	 	-0.911035295639	 	 	42.9769854628	 	 	0.756065265828	 	 	0.654496229025	 	 	40.8814624025
1505234518.12	 	 	0.591585794625	 	 	-0.893795672108	 	 	44.3153518869	 	 	0.743544142801	 	 	0.668686853248	 	 	41.9657962355
1505234518.18	 	 	0.612868439554	 	 	-0.875175903251	 	 	45.5032077837	 	 	0.730651490325	 	 	0.682750613098	 	 	43.0589613779
1505234518.24	 	 	0.636469742252	 	 	-0.853762480162	 	 	47.2151802964	 	 	0.715247778788	 	 	0.698870957287	 	 	44.3364907878
1505234518.3	 	 	0.653028751519	 	 	-0.837471299988	 	 	48.4332675029	 	 	0.704275479073	 	 	0.709926791702	 	 	45.2289592129
1505234518.37	 	 	0.676095456109	 	 	-0.814248443471	 	 	50.1689036302	 	 	0.687688020972	 	 	0.726006326289	 	 	46.5526268122
1505234518.43	 	 	0.695252879266	 	 	-0.794394932587	 	 	51.7038978738	 	 	0.672743042606	 	 	0.739876204933	 	 	47.7208711986
1505234518.49	 	 	0.71440655974	 	 	-0.773934421575	 	 	53.7950546983	 	 	0.656715017551	 	 	0.754138837167	 	 	48.9501800537
1505234518.55	 	 	0.73253619197	 	 	-0.752408730536	 	 	54.9169989486	 	 	0.64146849978	 	 	0.767149375148	 	 	50.0985908119
1505234518.61	 	 	0.750362030544	 	 	-0.730618326124	 	 	56.1497238483	 	 	0.625304929009	 	 	0.78038051344	 	 	51.2954280671
1505234518.67	 	 	0.767368992904	 	 	-0.708524388392	 	 	57.5397286364	 	 	0.609108177181	 	 	0.793087150628	 	 	52.4749537324
1505234518.73	 	 	0.783991549534	 	 	-0.685736052348	 	 	59.0868557077	 	 	0.59234869223	 	 	0.805681715576	 	 	53.676143728
1505234518.79	 	 	0.800193032798	 	 	-0.663022402354	 	 	60.4653796574	 	 	0.574658785242	 	 	0.818393108808	 	 	54.9242597808
1505234518.85	 	 	0.81557038041	 	 	-0.640734035332	 	 	62.1224193281	 	 	0.556663561619	 	 	0.830738032815	 	 	56.1746266187
1505234518.91	 	 	0.829926948881	 	 	-0.617339365646	 	 	63.2581082457	 	 	0.539445888557	 	 	0.842020268948	 	 	57.3540739569
1505234518.97	 	 	0.84365174442	 	 	-0.593649621387	 	 	64.439901286	 	 	0.521921709068	 	 	0.852993393646	 	 	58.5387555611
1505234519.04	 	 	0.859403008296	 	 	-0.565949274647	 	 	66.6499364095	 	 	0.499957309119	 	 	0.866050049973	 	 	60.0028243658
1505234519.1	 	 	0.871397235557	 	 	-0.541669225951	 	 	68.3583792941	 	 	0.482466071586	 	 	0.875914658953	 	 	61.1534107181
1505234519.16	 	 	0.883091195049	 	 	-0.517166095746	 	 	69.9533805919	 	 	0.464005770141	 	 	0.8858321767	 	 	62.3541038391
1505234519.22	 	 	0.894098335918	 	 	-0.492695945206	 	 	71.3768538851	 	 	0.445305514386	 	 	0.895378690196	 	 	63.5571128571
1505234519.28	 	 	0.898632018372	 	 	-0.462563870349	 	 	73.3805656295	 	 	0.438447188165	 	 	0.89875695446	 	 	63.9951524603
1505234519.34	 	 	0.908597299353	 	 	-0.436283509944	 	 	74.1801033112	 	 	0.418478303944	 	 	0.908226793884	 	 	65.2614463235
1505234519.4	 	 	0.917883182862	 	 	-0.410486424192	 	 	75.4911110602	 	 	0.398171851219	 	 	0.917310839845	 	 	66.536058288
1505234519.47	 	 	0.928252398569	 	 	-0.380072407351	 	 	77.4732772132	 	 	0.373257965554	 	 	0.927727595338	 	 	68.0833146736
1505234519.53	 	 	0.936278247334	 	 	-0.353823921548	 	 	78.8203942877	 	 	0.351812299868	 	 	0.936070566604	 	 	69.4017964
1505234519.59	 	 	0.946229758304	 	 	-0.331126045705	 	 	77.4926733815	 	 	0.325583187977	 	 	0.94551339901	 	 	70.9990890083
1505234519.65	 	 	0.952642678433	 	 	-0.30554336126	 	 	79.2974683372	 	 	0.304565613397	 	 	0.952491358037	 	 	72.2679679157
1505234519.71	 	 	0.956329976995	 	 	-0.278230171096	 	 	83.7916090519	 	 	0.287045151472	 	 	0.957917053307	 	 	73.3188640224
1505234519.77	 	 	0.960288080712	 	 	-0.251147952743	 	 	85.3953160612	 	 	0.267285361329	 	 	0.963617421812	 	 	74.4972063204
1505234519.83	 	 	0.963587351548	 	 	-0.225048176765	 	 	87.309105962	 	 	0.247684379931	 	 	0.968840775328	 	 	75.6594720799
1505234519.89	 	 	0.967167387758	 	 	-0.198671000189	 	 	89.2833823824	 	 	0.225746193194	 	 	0.974186150722	 	 	76.9532391241
1505234519.95	 	 	0.969498599076	 	 	-0.171255626206	 	 	90.9233641948	 	 	0.204129283664	 	 	0.978943938921	 	 	78.2214671027
1505234520.01	 	 	0.971126371699	 	 	-0.143840860329	 	 	92.3932803537	 	 	0.182231976401	 	 	0.983255565342	 	 	79.5002068109
1505234520.07	 	 	0.975707429041	 	 	-0.117349006343	 	 	92.8205403284	 	 	0.153299751231	 	 	0.98817973379	 	 	81.1817993042
1505234520.13	 	 	0.975645915424	 	 	-0.089397332229	 	 	94.175217585	 	 	0.131096925599	 	 	0.991369555765	 	 	82.4670159621
1505234520.19	 	 	0.975058481804	 	 	-0.0614886724058	 	 	95.627985588	 	 	0.108214582722	 	 	0.994127559263	 	 	83.787595702
1505234520.25	 	 	0.973106585502	 	 	-0.0345327158403	 	 	97.2867846597	 	 	0.0871859820671	 	 	0.996192052032	 	 	84.9982607941
1505234520.31	 	 	0.971083766369	 	 	-0.0031986987529	 	 	100.624681032	 	 	0.0601820684593	 	 	0.998187416589	 	 	86.5497365928
1505234520.38	 	 	0.968568264126	 	 	0.0237678704594	 	 	102.911566657	 	 	0.036691463498	 	 	0.999326641547	 	 	87.8972620107
1505234520.44	 	 	0.964419315542	 	 	0.0501766911591	 	 	104.162253891	 	 	0.0152943945985	 	 	0.999883033906	 	 	89.1236615717
1505234520.5	 	 	0.95919664709	 	 	0.077376040651	 	 	105.337416925	 	 	-0.00667284851549	 	 	0.999977736299	 	 	90.3823288946
1505234520.56	 	 	0.953691714159	 	 	0.104800896435	 	 	106.532506972	 	 	-0.0301238844816	 	 	0.999546172812	 	 	91.7262325883
1505234520.62	 	 	0.947818189733	 	 	0.132048337256	 	 	107.566494532	 	 	-0.0543945917829	 	 	0.998519518279	 	 	93.1181194624
1505234520.68	 	 	0.941104138729	 	 	0.158162074749	 	 	109.19283211	 	 	-0.0773553552201	 	 	0.997003585259	 	 	94.4365675281
1505234520.74	 	 	0.934095685264	 	 	0.18469853251	 	 	110.848492204	 	 	-0.101952313247	 	 	0.994789287148	 	 	95.8516044726
1505234520.8	 	 	0.926729915076	 	 	0.210342040676	 	 	112.253355442	 	 	-0.126227258546	 	 	0.992001350402	 	 	97.2516339301
1505234520.86	 	 	0.917869529021	 	 	0.235386405446	 	 	113.891145567	 	 	-0.148728762333	 	 	0.988878028502	 	 	98.5532636662
1505234520.92	 	 	0.908114764521	 	 	0.260313186157	 	 	116.167424407	 	 	-0.171167007058	 	 	0.985242028993	 	 	99.8556782369
1505234520.99	 	 	0.895997157378	 	 	0.289483261792	 	 	118.200651922	 	 	-0.198270023376	 	 	0.980147436782	 	 	101.435812911
1505234521.05	 	 	0.884642706401	 	 	0.314509495195	 	 	119.781319035	 	 	-0.221784442722	 	 	0.975095718874	 	 	102.813863548
1505234521.11	 	 	0.872687647699	 	 	0.33847218395	 	 	121.184710953	 	 	-0.244266787627	 	 	0.969708067648	 	 	104.138507308
1505234521.17	 	 	0.860825542499	 	 	0.362695458191	 	 	122.567271354	 	 	-0.268671491029	 	 	0.963231867158	 	 	105.585228116
1505234521.23	 	 	0.848011609154	 	 	0.386424404763	 	 	124.073400404	 	 	-0.292431396446	 	 	0.956286504335	 	 	107.003576388
1505234521.29	 	 	0.834054985391	 	 	0.409577504053	 	 	125.482908006	 	 	-0.315248008476	 	 	0.949009321952	 	 	108.375786484
1505234521.35	 	 	0.819363260294	 	 	0.432376456136	 	 	126.893161328	 	 	-0.338010679695	 	 	0.941142274267	 	 	109.755720189
1505234521.41	 	 	0.804178261341	 	 	0.45495214888	 	 	128.552684927	 	 	-0.36120414763	 	 	0.932486763303	 	 	111.174165278
1505234521.47	 	 	0.78914566788	 	 	0.476888090743	 	 	130.548469958	 	 	-0.384680337141	 	 	0.923049856842	 	 	112.623896638
1505234521.53	 	 	0.77311031421	 	 	0.498506116959	 	 	132.065714665	 	 	-0.407868803768	 	 	0.91304054615	 	 	114.071026517
1505234521.59	 	 	0.75216171252	 	 	0.520902310674	 	 	133.95222102	 	 	-0.429742083737	 	 	0.902951682797	 	 	115.451193244
1505234521.65	 	 	0.733992939222	 	 	0.541737055354	 	 	135.542125372	 	 	-0.452524202835	 	 	0.891752121303	 	 	116.905749883
1505234521.71	 	 	0.71149779352	 	 	0.564569342385	 	 	136.158971798	 	 	-0.477216292997	 	 	0.878785872496	 	 	118.503750998
1505234521.78	 	 	0.692101466753	 	 	0.584852464581	 	 	139.775287811	 	 	-0.500812818095	 	 	0.865555614176	 	 	120.053790198
1505234521.84	 	 	0.67311716131	 	 	0.603357703978	 	 	141.834549434	 	 	-0.522626050468	 	 	0.852562027874	 	 	121.50856719
1505234521.9	 	 	0.65352751855	 	 	0.621395898706	 	 	143.934623369	 	 	-0.544303904709	 	 	0.838888108938	 	 	122.977107743
1505234521.96	 	 	0.632370870148	 	 	0.639083434943	 	 	145.539041494	 	 	-0.565710954888	 	 	0.824603611149	 	 	124.451675861
1505234522.02	 	 	0.610259593285	 	 	0.656118830333	 	 	146.889651268	 	 	-0.586716460054	 	 	0.809792439766	 	 	125.924342823
1505234522.08	 	 	0.587634242992	 	 	0.672652848421	 	 	148.368369568	 	 	-0.607748704472	 	 	0.794129405206	 	 	127.426897053
1505234522.14	 	 	0.564668193693	 	 	0.687926897394	 	 	149.761056644	 	 	-0.627625070073	 	 	0.778515748984	 	 	128.875121053
1505234522.2	 	 	0.541820997015	 	 	0.702453407179	 	 	151.06515873	 	 	-0.647219979416	 	 	0.76230328495	 	 	130.332326685
1505234522.26	 	 	0.518526997146	 	 	0.716698398949	 	 	152.862287538	 	 	-0.667120817805	 	 	0.744949538192	 	 	131.845235175
1505234522.32	 	 	0.494559775519	 	 	0.730408756349	 	 	155.176488931	 	 	-0.686911356191	 	 	0.726741211667	 	 	133.386110499
1505234522.38	 	 	0.469640585536	 	 	0.743102138412	 	 	156.620798126	 	 	-0.70593085732	 	 	0.708280752727	 	 	134.904795743
1505234522.44	 	 	0.4435011189	 	 	0.754917289381	 	 	157.60154837	 	 	-0.724514561898	 	 	0.689259493658	 	 	136.428480076
1505234522.5	 	 	0.416118992509	 	 	0.768151226892	 	 	157.496810169	 	 	-0.745863265599	 	 	0.666099083493	 	 	138.23330058
1505234522.56	 	 	0.38883128229	 	 	0.78150834537	 	 	157.165914558	 	 	-0.767808808455	 	 	0.640679041065	 	 	140.157527464
1505234522.62	 	 	0.362524828723	 	 	0.793837579339	 	 	155.122418308	 	 	-0.788506587898	 	 	0.615026309064	 	 	142.046168023
1505234522.68	 	 	0.335508470004	 	 	0.80875147591	 	 	156.872887285	 	 	-0.812427646956	 	 	0.583062019395	 	 	144.33380177
1505234522.74	 	 	0.308660524725	 	 	0.823020672696	 	 	156.414891686	 	 	-0.835164117018	 	 	0.55000081604	 	 	146.632931047
1505234522.8	 	 	0.282218247838	 	 	0.836557127634	 	 	155.869567407	 	 	-0.856462813523	 	 	0.516208726246	 	 	148.921717797
1505234522.87	 	 	0.251828505792	 	 	0.852992518511	 	 	155.74778387	 	 	-0.880871860705	 	 	0.473354798241	 	 	151.747714946
1505234522.93	 	 	0.225799609233	 	 	0.866323693635	 	 	153.963046566	 	 	-0.900046885047	 	 	0.435793075574	 	 	154.164230751
1505234522.99	 	 	0.199689357072	 	 	0.880126031931	 	 	153.796067309	 	 	-0.918499487241	 	 	0.395422169254	 	 	156.707693725
1505234523.05	 	 	0.173146313563	 	 	0.894644425736	 	 	153.788907023	 	 	-0.936176534166	 	 	0.351530221854	 	 	159.419061086
1505234523.11	 	 	0.148319640293	 	 	0.908949853945	 	 	153.369186221	 	 	-0.951594874989	 	 	0.307355159213	 	 	162.100087822
1505234523.17	 	 	0.120968158376	 	 	0.923543368708	 	 	153.652403623	 	 	-0.965897359918	 	 	0.258925259688	 	 	164.993699581
1505234523.23	 	 	0.0951263498087	 	 	0.937837121242	 	 	152.809812837	 	 	-0.977603444047	 	 	0.210455473169	 	 	167.850954536
1505234523.29	 	 	0.0685859130996	 	 	0.952709260378	 	 	152.438945873	 	 	-0.987341088124	 	 	0.158611398399	 	 	170.87369399
1505234523.35	 	 	0.0423843564978	 	 	0.967538455541	 	 	152.336415478	 	 	-0.994411381251	 	 	0.105574641072	 	 	173.939724909
1505234523.41	 	 	0.0162196376792	 	 	0.982691644265	 	 	152.263651304	 	 	-0.998722887574	 	 	0.0505232009564	 	 	177.104000874
1505234523.47	 	 	-0.00938202172227	 	 	0.998414119876	 	 	152.087860944	 	 	-0.99998005771	 	 	-0.00631539241129	 	 	-179.638152264
1505234523.53	 	 	-0.034900281135	 	 	1.01326571382	 	 	151.811335193	 	 	-0.998056997024	 	 	-0.0623075492344	 	 	-176.427726451
1505234523.59	 	 	-0.0603633067837	 	 	1.02798710729	 	 	152.009451661	 	 	-0.992930168337	 	 	-0.118699961271	 	 	-173.182920404
1505234523.65	 	 	-0.089503807226	 	 	1.04454919756	 	 	152.858974559	 	 	-0.983074071207	 	 	-0.183208543797	 	 	-169.443295513
1505234523.71	 	 	-0.114397582762	 	 	1.05693981515	 	 	154.201972601	 	 	-0.971977375869	 	 	-0.235074415449	 	 	-166.403990651
1505234523.78	 	 	-0.13802992553	 	 	1.06838969158	 	 	157.550261916	 	 	-0.958917758383	 	 	-0.283684212916	 	 	-163.519786289
1505234523.84	 	 	-0.161148718724	 	 	1.07795442189	 	 	161.115331498	 	 	-0.944678575412	 	 	-0.327997544437	 	 	-160.852720426
1505234523.9	 	 	-0.184992016977	 	 	1.087352295	 	 	167.850424072	 	 	-0.928002501672	 	 	-0.372573961638	 	 	-158.125551997
1505234523.96	 	 	-0.210130051068	 	 	1.09360736468	 	 	170.861042444	 	 	-0.910832499327	 	 	-0.412776159886	 	 	-155.620651458
1505234524.02	 	 	-0.236336439235	 	 	1.09896293359	 	 	173.259566029	 	 	-0.891776035842	 	 	-0.452477073339	 	 	-153.097278184
1505234524.08	 	 	-0.263499777829	 	 	1.10407179611	 	 	175.235226471	 	 	-0.870260037053	 	 	-0.492592598308	 	 	-150.488871552
1505234524.14	 	 	-0.290375884481	 	 	1.10779231134	 	 	177.105880603	 	 	-0.848131717924	 	 	-0.52978541793	 	 	-148.009042471
1505234524.2	 	 	-0.317183674296	 	 	1.11088903342	 	 	178.984804429	 	 	-0.824722932231	 	 	-0.565536988227	 	 	-145.560410958
1505234524.26	 	 	-0.344214908465	 	 	1.11320006963	 	 	180.458843847	 	 	-0.800058782168	 	 	-0.599921615777	 	 	-143.135716004
1505234524.32	 	 	-0.371232728448	 	 	1.11440746904	 	 	182.673134031	 	 	-0.774760609572	 	 	-0.632254693819	 	 	-140.783333653
1505234524.38	 	 	-0.397879806306	 	 	1.11447475002	 	 	184.177462912	 	 	-0.749343836692	 	 	-0.662181103938	 	 	-138.533570929
1505234524.44	 	 	-0.424556955446	 	 	1.11327750536	 	 	186.236376893	 	 	-0.723697683857	 	 	-0.690117136709	 	 	-136.360618032
1505234524.5	 	 	-0.45152730384	 	 	1.11169872511	 	 	189.114563663	 	 	-0.696632506873	 	 	-0.717428149969	 	 	-134.157450079
1505234524.56	 	 	-0.479039899493	 	 	1.10165146847	 	 	192.591553607	 	 	-0.676874774862	 	 	-0.736098185812	 	 	-132.599906999
1505234524.62	 	 	-0.505666608852	 	 	1.09762936107	 	 	194.941894363	 	 	-0.64997096295	 	 	-0.759959043187	 	 	-130.53941264
1505234524.68	 	 	-0.532405447729	 	 	1.09179192068	 	 	196.528004549	 	 	-0.623533827457	 	 	-0.781796371197	 	 	-128.574655018
1505234524.74	 	 	-0.559146141194	 	 	1.08615545635	 	 	198.520828426	 	 	-0.595471407862	 	 	-0.803376501037	 	 	-126.546244996
1505234524.8	 	 	-0.586328102099	 	 	1.07896734221	 	 	200.227381254	 	 	-0.567143756126	 	 	-0.823618819532	 	 	-124.551290381
1505234524.86	 	 	-0.612993990478	 	 	1.07081051468	 	 	201.522098554	 	 	-0.539186170919	 	 	-0.842186602298	 	 	-122.628255144
1505234524.92	 	 	-0.639598677938	 	 	1.06234740282	 	 	203.560788919	 	 	-0.510301980114	 	 	-0.859995284343	 	 	-120.683946579
1505234524.98	 	 	-0.668443077969	 	 	1.05932847692	 	 	205.757862916	 	 	-0.471138724693	 	 	-0.88205912619	 	 	-118.108239036
1505234525.05	 	 	-0.693441623686	 	 	1.0490373192	 	 	207.571410213	 	 	-0.444057585061	 	 	-0.895998248408	 	 	-116.363059084
1505234525.11	 	 	-0.718223549104	 	 	1.03776842798	 	 	209.263396374	 	 	-0.417132319579	 	 	-0.908845766873	 	 	-114.65367076
1505234525.17	 	 	-0.742750234257	 	 	1.02562621387	 	 	211.510402606	 	 	-0.390307114839	 	 	-0.920684721338	 	 	-112.973610331
1505234525.23	 	 	-0.767278848689	 	 	1.01238103323	 	 	213.405984424	 	 	-0.363366093215	 	 	-0.931646436317	 	 	-111.30706383
1505234525.29	 	 	-0.791173947525	 	 	0.99858335793	 	 	214.722222183	 	 	-0.336804078234	 	 	-0.941574751618	 	 	-109.682280409
1505234525.35	 	 	-0.814569165274	 	 	0.984686093666	 	 	216.832255049	 	 	-0.310046992454	 	 	-0.950721232786	 	 	-108.062062496
1505234525.41	 	 	-0.837700955653	 	 	0.969832271636	 	 	218.758477556	 	 	-0.283472447898	 	 	-0.958980381073	 	 	-106.467561067
1505234525.47	 	 	-0.860218362468	 	 	0.953346530164	 	 	220.021932821	 	 	-0.258183014232	 	 	-0.966096025849	 	 	-104.96227591
1505234525.53	 	 	-0.882233163063	 	 	0.936304787759	 	 	221.701387404	 	 	-0.233075834392	 	 	-0.972458562316	 	 	-103.478226894
1505234525.59	 	 	-0.904919177482	 	 	0.917811027393	 	 	223.980916905	 	 	-0.206722208859	 	 	-0.97839967721	 	 	-101.930334126
1505234525.65	 	 	-0.925950072807	 	 	0.900259293297	 	 	225.721694885	 	 	-0.181498117473	 	 	-0.983391292088	 	 	-100.45703308
1505234525.71	 	 	-0.946649435632	 	 	0.881698496477	 	 	227.145030894	 	 	-0.156498553847	 	 	-0.987678187794	 	 	-99.0037178094
1505234525.77	 	 	-0.966487558711	 	 	0.863492205517	 	 	229.139257659	 	 	-0.131807466374	 	 	-0.991275336023	 	 	-97.5740513879
1505234525.83	 	 	-0.986285240068	 	 	0.843468733314	 	 	230.407833411	 	 	-0.107255342668	 	 	-0.994231507984	 	 	-96.1571221276
1505234525.89	 	 	-1.0049444101	 	 	0.821120171675	 	 	230.850934707	 	 	-0.084956660338	 	 	-0.996384647545	 	 	-94.8735326751
1505234525.96	 	 	-1.02635865688	 	 	0.797034500446	 	 	232.869308763	 	 	-0.0571705336675	 	 	-0.998364427491	 	 	-93.2774173044
1505234526.02	 	 	-1.04271664637	 	 	0.779604652309	 	 	235.871912971	 	 	-0.0346089967266	 	 	-0.99940092923	 	 	-91.9833455162
1505234526.08	 	 	-1.05998473227	 	 	0.758066838392	 	 	237.528374749	 	 	-0.0112939674605	 	 	-0.999936221116	 	 	-90.6471104268
1505234526.14	 	 	-1.07653179546	 	 	0.736200592371	 	 	238.675575028	 	 	0.0115238682183	 	 	-0.999933598026	 	 	-89.3397163727
1505234526.2	 	 	-1.09237994886	 	 	0.714040771705	 	 	239.992389489	 	 	0.0338881288647	 	 	-0.999425632412	 	 	-88.0579814154
1505234526.26	 	 	-1.10785884172	 	 	0.690823186657	 	 	241.145215051	 	 	0.056201312011	 	 	-0.998419457206	 	 	-86.7782044445
1505234526.32	 	 	-1.12251977688	 	 	0.667447256062	 	 	242.263621671	 	 	0.0779155461633	 	 	-0.99695996292	 	 	-85.531238728
1505234526.38	 	 	-1.13659321209	 	 	0.644133396992	 	 	243.706413621	 	 	0.0994867061791	 	 	-0.995038891347	 	 	-84.2903864874
1505234526.44	 	 	-1.15056294916	 	 	0.62015769804	 	 	245.353697559	 	 	0.12167131638	 	 	-0.992570446251	 	 	-83.0114311802
1505234526.5	 	 	-1.16426207443	 	 	0.596126232976	 	 	246.778567195	 	 	0.14426287756	 	 	-0.989539398992	 	 	-81.705403601
1505234526.56	 	 	-1.17728985892	 	 	0.572048975771	 	 	248.691566156	 	 	0.166478795033	 	 	-0.986045034876	 	 	-80.4168485412
1505234526.62	 	 	-1.18884450797	 	 	0.547081170462	 	 	250.106688999	 	 	0.186775177423	 	 	-0.98240268378	 	 	-79.2353532631
1505234526.68	 	 	-1.20035086516	 	 	0.521341060525	 	 	251.204377991	 	 	0.20788924053	 	 	-0.978152372421	 	 	-78.0013150404
1505234526.74	 	 	-1.21088788289	 	 	0.495743375889	 	 	252.644611665	 	 	0.228127449514	 	 	-0.973631278656	 	 	-76.8131481001
1505234526.8	 	 	-1.22053632613	 	 	0.470151457339	 	 	254.130566252	 	 	0.247618661849	 	 	-0.968857573797	 	 	-75.6633585143
1505234526.86	 	 	-1.23036039029	 	 	0.444062864222	 	 	255.41209819	 	 	0.268355503922	 	 	-0.963319948675	 	 	-74.4335668387
1505234526.92	 	 	-1.2395630615	 	 	0.418711199637	 	 	256.583747796	 	 	0.288700891127	 	 	-0.957419341492	 	 	-73.219803752
1505234526.98	 	 	-1.24762651228	 	 	0.39221300113	 	 	258.026416596	 	 	0.307998548182	 	 	-0.951386826857	 	 	-72.0613449679
1505234527.04	 	 	-1.25602146741	 	 	0.361377546291	 	 	259.711667106	 	 	0.329758624694	 	 	-0.944065278167	 	 	-70.7458743472
1505234527.1	 	 	-1.26293210368	 	 	0.334376066785	 	 	261.148964273	 	 	0.348954580319	 	 	-0.937139637874	 	 	-69.5766140919
1505234527.16	 	 	-1.26872128946	 	 	0.307058589249	 	 	262.735737511	 	 	0.367117669226	 	 	-0.930174508865	 	 	-68.462034072
1505234527.23	 	 	-1.27371245469	 	 	0.279897053471	 	 	264.191161538	 	 	0.384692975807	 	 	-0.923044589586	 	 	-67.3753188492
1505234527.29	 	 	-1.27877442622	 	 	0.252673323162	 	 	265.609943979	 	 	0.403235277051	 	 	-0.915096339924	 	 	-66.2194122992
1505234527.35	 	 	-1.28316683164	 	 	0.225402784251	 	 	267.134489767	 	 	0.42144681311	 	 	-0.90685312136	 	 	-65.0740354072
1505234527.41	 	 	-1.28595520056	 	 	0.197784830446	 	 	268.660750354	 	 	0.4379069001	 	 	-0.899020326158	 	 	-64.0295907917
1505234527.47	 	 	-1.28885242336	 	 	0.16954692508	 	 	269.930780427	 	 	0.455655555247	 	 	-0.890156174484	 	 	-62.8928782581
1505234527.53	 	 	-1.29102508799	 	 	0.141336010803	 	 	271.202881327	 	 	0.473021488069	 	 	-0.881050890599	 	 	-61.7693927023
1505234527.59	 	 	-1.29256505799	 	 	0.113363288896	 	 	272.638485309	 	 	0.490041513631	 	 	-0.871699096546	 	 	-60.6566898183
1505234527.65	 	 	-1.29326764365	 	 	0.0851520640205	 	 	273.922298956	 	 	0.506643177217	 	 	-0.86215583915	 	 	-59.5595089996
1505234527.71	 	 	-1.29372096592	 	 	0.0568869345236	 	 	275.416297347	 	 	0.523662916609	 	 	-0.851925554124	 	 	-58.4217250022
1505234527.77	 	 	-1.29303418763	 	 	0.0287170411511	 	 	276.697966745	 	 	0.539636474363	 	 	-0.841898138457	 	 	-57.3411044897
1505234527.83	 	 	-1.29168525512	 	 	2.07016199928e-05	 	 	277.745311736	 	 	0.555713325394	 	 	-0.831373983222	 	 	-56.2401390736
1505234527.89	 	 	-1.28986217955	 	 	-0.028089133631	 	 	279.352355744	 	 	0.571471350809	 	 	-0.820622017255	 	 	-55.1471086214
1505234527.96	 	 	-1.28704528793	 	 	-0.0607345410486	 	 	281.020419249	 	 	0.589668660119	 	 	-0.807645263264	 	 	-53.8665011566
1505234528.02	 	 	-1.28363564018	 	 	-0.0888330346149	 	 	282.37179467	 	 	0.604711987096	 	 	-0.796444230729	 	 	-52.7918804676
1505234528.08	 	 	-1.27973301932	 	 	-0.116611904684	 	 	283.78492963	 	 	0.619550674539	 	 	-0.784956662293	 	 	-51.716670232
1505234528.14	 	 	-1.27502681671	 	 	-0.144288179917	 	 	285.045289436	 	 	0.633915170173	 	 	-0.773402584056	 	 	-50.6604289731
1505234528.2	 	 	-1.26978800271	 	 	-0.172380840971	 	 	286.294904014	 	 	0.648578833803	 	 	-0.76114748659	 	 	-49.5654624632
1505234528.26	 	 	-1.26390078118	 	 	-0.199854242235	 	 	287.362771839	 	 	0.662599109718	 	 	-0.748974245086	 	 	-48.5016017939
1505234528.32	 	 	-1.25776142488	 	 	-0.226961068502	 	 	289.048914659	 	 	0.676645968378	 	 	-0.736308517863	 	 	-47.4179001002
1505234528.38	 	 	-1.25061976448	 	 	-0.253752746355	 	 	290.620165638	 	 	0.689829393541	 	 	-0.723971966175	 	 	-46.383394594
1505234528.44	 	 	-1.2428340432	 	 	-0.280396203088	 	 	291.985210947	 	 	0.702739849332	 	 	-0.711446908885	 	 	-45.3527620788
1505234528.5	 	 	-1.23387105919	 	 	-0.307098262451	 	 	293.782553181	 	 	0.714966648218	 	 	-0.699158559938	 	 	-44.3595340708
1505234528.56	 	 	-1.22401939717	 	 	-0.33341656762	 	 	295.136049768	 	 	0.726515963335	 	 	-0.687149587076	 	 	-43.4048953703
1505234528.62	 	 	-1.21350259424	 	 	-0.36075815824	 	 	296.507519469	 	 	0.73887126565	 	 	-0.673846609249	 	 	-42.3646467152
1505234528.68	 	 	-1.20274864744	 	 	-0.38635879748	 	 	297.140831678	 	 	0.75009179055	 	 	-0.661333732505	 	 	-41.4016703037
1505234528.75	 	 	-1.18958778594	 	 	-0.417279873386	 	 	299.460001862	 	 	0.764224519628	 	 	-0.644950295448	 	 	-40.1619488954
1505234528.8	 	 	-1.17818301895	 	 	-0.442193851042	 	 	300.171650743	 	 	0.775408027494	 	 	-0.631460522042	 	 	-39.15795959
1505234528.86	 	 	-1.1656473033	 	 	-0.467994579715	 	 	301.658326127	 	 	0.786851040126	 	 	-0.617142966137	 	 	-38.107797581
1505234528.93	 	 	-1.15245954152	 	 	-0.492442031438	 	 	302.930386278	 	 	0.797042684284	 	 	-0.603922974748	 	 	-37.1513797206
1505234528.99	 	 	-1.13903481918	 	 	-0.516669485081	 	 	304.179523085	 	 	0.807344530566	 	 	-0.590080341111	 	 	-36.1627096568
1505234529.05	 	 	-1.12537344996	 	 	-0.541148164488	 	 	304.894110707	 	 	0.818146344545	 	 	-0.575010051137	 	 	-35.1003360856
1505234529.11	 	 	-1.11071858494	 	 	-0.56495843526	 	 	306.453585231	 	 	0.82802970415	 	 	-0.56068423292	 	 	-34.1031302246
1505234529.17	 	 	-1.09552613624	 	 	-0.588409418676	 	 	308.375893585	 	 	0.837648862625	 	 	-0.546209101849	 	 	-33.1073282039
1505234529.23	 	 	-1.08045022538	 	 	-0.611425880833	 	 	309.852091797	 	 	0.847384946844	 	 	-0.530979050305	 	 	-32.0716292058
1505234529.29	 	 	-1.06489378632	 	 	-0.633350344867	 	 	310.782114689	 	 	0.856221020536	 	 	-0.516609682441	 	 	-31.105109218
1505234529.35	 	 	-1.04499329457	 	 	-0.662220666527	 	 	312.268134045	 	 	0.868725108079	 	 	-0.49529454529	 	 	-29.6891748611
1505234529.41	 	 	-1.02767755175	 	 	-0.684415960572	 	 	313.532401121	 	 	0.877498291006	 	 	-0.479579763211	 	 	-28.6579592859
1505234529.47	 	 	-1.00997883847	 	 	-0.706237981331	 	 	315.013599521	 	 	0.88608363675	 	 	-0.463525391627	 	 	-27.6148296051
1505234529.53	 	 	-0.992124616094	 	 	-0.726669993322	 	 	316.47511543	 	 	0.893757543641	 	 	-0.44855039091	 	 	-26.6507165106
1505234529.59	 	 	-0.973959727598	 	 	-0.747864100147	 	 	317.930715418	 	 	0.902172586044	 	 	-0.431375271649	 	 	-25.554870039
1505234529.65	 	 	-0.958335558276	 	 	-0.760857343209	 	 	319.605501669	 	 	0.905487313354	 	 	-0.424373332521	 	 	-25.1110038514
1505234529.71	 	 	-0.938199672042	 	 	-0.780076184503	 	 	320.78171098	 	 	0.912039151783	 	 	-0.410103140216	 	 	-24.2113140725
1505234529.77	 	 	-0.917543659958	 	 	-0.799557552714	 	 	321.789135081	 	 	0.918895318478	 	 	-0.394501449528	 	 	-23.2348843755
1505234529.83	 	 	-0.896316732808	 	 	-0.81922486281	 	 	322.977059763	 	 	0.92594944605	 	 	-0.377647485573	 	 	-22.1880384214
1505234529.89	 	 	-0.87528528114	 	 	-0.838227153849	 	 	323.908331392	 	 	0.932801710707	 	 	-0.360390022756	 	 	-21.1241505833
1505234529.95	 	 	-0.85393473249	 	 	-0.856507129532	 	 	325.185123564	 	 	0.939221902478	 	 	-0.343310672579	 	 	-20.0787070056
1505234530.01	 	 	-0.832019047558	 	 	-0.874757783184	 	 	325.470949875	 	 	0.945612140152	 	 	-0.325296296316	 	 	-18.9835269727
1505234530.07	 	 	-0.810267490576	 	 	-0.891190401174	 	 	327.070716137	 	 	0.950984418887	 	 	-0.309238799367	 	 	-18.0133630035
1505234530.13	 	 	-0.787855505973	 	 	-0.907543377752	 	 	328.611227115	 	 	0.956285197847	 	 	-0.292435668786	 	 	-17.0038323644
1505234530.19	 	 	-0.766188580487	 	 	-0.923790368321	 	 	329.695347304	 	 	0.961732262125	 	 	-0.273990977931	 	 	-15.9018920669
1505234530.25	 	 	-0.743023299952	 	 	-0.939096556343	 	 	331.336350252	 	 	0.9664153037	 	 	-0.256985331827	 	 	-14.8912572957
1505234530.31	 	 	-0.719618263544	 	 	-0.954133518568	 	 	333.242312891	 	 	0.970957602522	 	 	-0.239251612544	 	 	-13.8423741503
1505234530.37	 	 	-0.695679043798	 	 	-0.96837484294	 	 	334.893343321	 	 	0.975043584669	 	 	-0.222013531112	 	 	-12.8273249435
1505234530.43	 	 	-0.666891801893	 	 	-0.984370852091	 	 	336.299089243	 	 	0.979432924305	 	 	-0.201770034414	 	 	-11.6404849435
1505234530.5	 	 	-0.641739293511	 	 	-0.997201888383	 	 	337.627479486	 	 	0.982761868022	 	 	-0.18487593343	 	 	-10.6538991345
1505234530.56	 	 	-0.616084076753	 	 	-1.00946920769	 	 	338.980475457	 	 	0.985808237694	 	 	-0.167875306385	 	 	-9.66430779462
1505234530.62	 	 	-0.590260894727	 	 	-1.02154451025	 	 	340.152767581	 	 	0.988713019006	 	 	-0.149821780954	 	 	-8.61659864908
1505234530.68	 	 	-0.564650963281	 	 	-1.03302504988	 	 	341.613518634	 	 	0.99131720768	 	 	-0.131492181353	 	 	-7.55582827799
1505234530.74	 	 	-0.538471883999	 	 	-1.04402690187	 	 	342.759906248	 	 	0.993613128173	 	 	-0.112840380727	 	 	-6.4790771349
1505234530.8	 	 	-0.512165043329	 	 	-1.05400291788	 	 	343.881037626	 	 	0.995481327272	 	 	-0.0949575012985	 	 	-5.44887375831
1505234530.86	 	 	-0.484908698359	 	 	-1.06353411273	 	 	345.969398722	 	 	0.997058951784	 	 	-0.0766384150939	 	 	-4.39536757489
1505234530.92	 	 	-0.458461477945	 	 	-1.0717275683	 	 	347.023950516	 	 	0.998216094871	 	 	-0.0597045051974	 	 	-3.42285175549
1505234530.98	 	 	-0.431317751389	 	 	-1.07968930584	 	 	348.276267502	 	 	0.999125865875	 	 	-0.0418031594327	 	 	-2.39584274246
1505234531.04	 	 	-0.404015308705	 	 	-1.08537747203	 	 	348.588809296	 	 	0.999622849628	 	 	-0.0274619464183	 	 	-1.57365146637
1505234531.1	 	 	-0.376859288772	 	 	-1.09202918343	 	 	349.499230072	 	 	0.999955281235	 	 	-0.00945703601325	 	 	-0.541856327335
1505234531.16	 	 	-0.34967378184	 	 	-1.09794867101	 	 	349.982565279	 	 	0.9999646684	 	 	0.00840606637959	 	 	0.481637798215
1505234531.22	 	 	-0.32098931855	 	 	-1.10510543888	 	 	356.075818239	 	 	0.999522337934	 	 	0.0309046270165	 	 	1.77098668217
1505234531.28	 	 	-0.29223758087	 	 	-1.10933769617	 	 	357.398043501	 	 	0.998823230354	 	 	0.0484990155136	 	 	2.77987941094
1505234531.34	 	 	-0.265478952644	 	 	-1.1132113961	 	 	359.697174845	 	 	0.997806835506	 	 	0.0661930435775	 	 	3.79535705012
1505234531.41	 	 	-0.232327103156	 	 	-1.11722083665	 	 	0.741340626413	 	 	0.996094660522	 	 	0.0882917169409	 	 	5.06533842042
1505234531.47	 	 	-0.202371635528	 	 	-1.12038280052	 	 	0.511346685829	 	 	0.994035159113	 	 	0.109060086409	 	 	6.26113651633
1505234531.53	 	 	-0.173021708884	 	 	-1.12398652279	 	 	1.05302887543	 	 	0.991228698035	 	 	0.132157739807	 	 	7.59429769139
1505234531.59	 	 	-0.144096454704	 	 	-1.12615638026	 	 	1.76993924444	 	 	0.988155496973	 	 	0.153455901818	 	 	8.82725459458
1505234531.65	 	 	-0.116208189388	 	 	-1.12803966744	 	 	2.88014633067	 	 	0.984571611414	 	 	0.174982119083	 	 	10.0776175509
1505234531.71	 	 	-0.0879132465786	 	 	-1.12924392786	 	 	4.5840532083	 	 	0.980457983632	 	 	0.196728600695	 	 	11.3457213558
1505234531.77	 	 	-0.0597383413695	 	 	-1.12976773421	 	 	6.42494444689	 	 	0.975869261045	 	 	0.218355639605	 	 	12.6124701384
1505234531.83	 	 	-0.0324389919659	 	 	-1.1290597403	 	 	8.2692425439	 	 	0.971239738103	 	 	0.238103698268	 	 	13.7746460835
1505234531.89	 	 	-0.00524168890182	 	 	-1.12789261002	 	 	10.0794983123	 	 	0.966110410785	 	 	0.258129181174	 	 	14.9590832831
1505234531.95	 	 	0.0229319915661	 	 	-1.12579702682	 	 	11.5760215217	 	 	0.960455696517	 	 	0.27843285551	 	 	16.1666948758
1505234532.01	 	 	0.0506392848392	 	 	-1.12234626562	 	 	13.0601685285	 	 	0.954880244763	 	 	0.296991107882	 	 	17.2769713967
1505234532.07	 	 	0.0783671143557	 	 	-1.11849844255	 	 	14.7598891282	 	 	0.948707115379	 	 	0.31615630506	 	 	18.4306329887
1505234532.13	 	 	0.106253647496	 	 	-1.11386936155	 	 	16.3553968943	 	 	0.942099575089	 	 	0.335333253073	 	 	19.59280416
1505234532.19	 	 	0.133759577279	 	 	-1.10851522318	 	 	17.6463290851	 	 	0.935207014008	 	 	0.35410145573	 	 	20.7383847313
1505234532.26	 	 	0.165250439384	 	 	-1.10194870699	 	 	18.9283381683	 	 	0.926456736449	 	 	0.376401269244	 	 	22.1109463387
1505234532.32	 	 	0.192621296875	 	 	-1.09468984115	 	 	20.6407747214	 	 	0.918939218528	 	 	0.394399179323	 	 	23.2285076849
1505234532.38	 	 	0.220210284845	 	 	-1.08708952444	 	 	21.7184792676	 	 	0.910553246404	 	 	0.413391806235	 	 	24.4180816183
1505234532.44	 	 	0.248892846045	 	 	-1.08162510094	 	 	21.0363575176	 	 	0.898696689956	 	 	0.438570700642	 	 	26.0127217273
1505234532.5	 	 	0.275924273532	 	 	-1.07299229885	 	 	22.8473089525	 	 	0.889136060376	 	 	0.457642946126	 	 	27.2351154014
1505234532.56	 	 	0.301998106315	 	 	-1.06373398185	 	 	25.0329943491	 	 	0.879597686734	 	 	0.475718308973	 	 	28.4061293605
1505234532.62	 	 	0.327323513132	 	 	-1.05340183965	 	 	27.3259829648	 	 	0.870409044252	 	 	0.492329255361	 	 	29.4937920805
1505234532.69	 	 	0.356077294326	 	 	-1.04023682133	 	 	30.6191812895	 	 	0.859898687044	 	 	0.510464737294	 	 	30.6947906185
1505234532.75	 	 	0.380734949326	 	 	-1.02734254214	 	 	31.7632721758	 	 	0.851119939632	 	 	0.524971283369	 	 	31.6663100843
1505234532.81	 	 	0.40550720083	 	 	-1.01425859671	 	 	33.2547189455	 	 	0.841281811359	 	 	0.540596812677	 	 	32.7242757167
1505234532.87	 	 	0.429825970054	 	 	-0.999787677065	 	 	34.7861869793	 	 	0.831880861068	 	 	0.554954262068	 	 	33.7075645244
1505234532.93	 	 	0.454316421441	 	 	-0.985420481673	 	 	35.8562712908	 	 	0.821006933355	 	 	0.570918221274	 	 	34.8142809646
1505234532.99	 	 	0.478536078859	 	 	-0.970745494989	 	 	37.4563810509	 	 	0.809384328742	 	 	0.587279327396	 	 	35.9641777846
1505234533.05	 	 	0.502025864662	 	 	-0.955086983623	 	 	38.8804026607	 	 	0.798069406559	 	 	0.602565533626	 	 	37.0538622748
1505234533.11	 	 	0.52569176426	 	 	-0.938158668431	 	 	39.6545278874	 	 	0.786308751181	 	 	0.617833754189	 	 	38.158115721
1505234533.17	 	 	0.548958656356	 	 	-0.921272042902	 	 	41.268953141	 	 	0.773555990105	 	 	0.633727962278	 	 	39.3257035292
1505234533.23	 	 	0.571706362165	 	 	-0.903769143256	 	 	43.0936786482	 	 	0.760507193996	 	 	0.649329506399	 	 	40.4910685863
1505234533.29	 	 	0.593159485081	 	 	-0.885915985082	 	 	44.0842693758	 	 	0.747945266803	 	 	0.663760406975	 	 	41.5872973322
1505234533.35	 	 	0.614839431556	 	 	-0.867696276167	 	 	45.6312978588	 	 	0.733967848915	 	 	0.679184214157	 	 	42.7799275046
1505234533.41	 	 	0.639064932614	 	 	-0.84641766238	 	 	47.648115185	 	 	0.717288953835	 	 	0.696775829594	 	 	44.1688973348
1505234533.48	 	 	0.659721231596	 	 	-0.826396692004	 	 	49.6996932936	 	 	0.702901228808	 	 	0.711287468286	 	 	45.3397640618
1505234533.54	 	 	0.679773805911	 	 	-0.805840732352	 	 	51.092351336	 	 	0.688225558248	 	 	0.725496782194	 	 	46.5101899539
1505234533.6	 	 	0.699194866795	 	 	-0.785125344033	 	 	52.4120013667	 	 	0.673044162069	 	 	0.739602295768	 	 	47.6975482856
1505234533.66	 	 	0.718439972529	 	 	-0.763956893119	 	 	53.23570155	 	 	0.656852304453	 	 	0.754019263769	 	 	48.9397488396
1505234533.72	 	 	0.73688692766	 	 	-0.742982838672	 	 	54.5559814282	 	 	0.640213382407	 	 	0.768197126385	 	 	50.1922672715
1505234533.78	 	 	0.754691320229	 	 	-0.722170085824	 	 	56.1329095458	 	 	0.622977448875	 	 	0.782239795838	 	 	51.4661089282
1505234533.84	 	 	0.771624069268	 	 	-0.700264015678	 	 	57.3961567988	 	 	0.606292488382	 	 	0.795241735909	 	 	52.6780941739
1505234533.9	 	 	0.788231814291	 	 	-0.677427432032	 	 	58.8640463538	 	 	0.589060244195	 	 	0.808089121761	 	 	53.9096513963
1505234533.96	 	 	0.804022042177	 	 	-0.654701552749	 	 	60.3401939947	 	 	0.571591994899	 	 	0.820537988985	 	 	55.1386848271
1505234534.02	 	 	0.818972818823	 	 	-0.63212633271	 	 	62.0030474687	 	 	0.553995604151	 	 	0.83251959171	 	 	56.3584376766
1505234534.08	 	 	0.833472460338	 	 	-0.608797924724	 	 	63.4580910275	 	 	0.53595895419	 	 	0.844244040206	 	 	57.5910312795
1505234534.14	 	 	0.847367167078	 	 	-0.585617257227	 	 	65.0600569997	 	 	0.517413789397	 	 	0.855735339075	 	 	58.8410670601
1505234534.2	 	 	0.860850760288	 	 	-0.562084945474	 	 	67.0263014158	 	 	0.498179736678	 	 	0.867073785767	 	 	60.120354759
1505234534.27	 	 	0.872978351565	 	 	-0.537492658614	 	 	68.6973642182	 	 	0.480248651736	 	 	0.877132391663	 	 	61.2983568917
1505234534.32	 	 	0.883986007468	 	 	-0.512954823174	 	 	69.3907449506	 	 	0.462900806563	 	 	0.886410087535	 	 	62.4255497611
1505234534.39	 	 	0.890757060218	 	 	-0.478637748695	 	 	71.8727137574	 	 	0.453360230144	 	 	0.891327381899	 	 	63.0405219091
1505234534.45	 	 	0.901190339718	 	 	-0.453590363089	 	 	73.5425979283	 	 	0.433539232092	 	 	0.901134692616	 	 	64.3076206831
1505234534.51	 	 	0.911325031113	 	 	-0.427768718583	 	 	74.6518337226	 	 	0.412652594811	 	 	0.910888487136	 	 	65.6284240609
1505234534.57	 	 	0.920621120815	 	 	-0.402405361162	 	 	76.2046236079	 	 	0.39181483642	 	 	0.920044093487	 	 	66.9325289516
1505234534.63	 	 	0.929309122072	 	 	-0.375996012279	 	 	77.7816413607	 	 	0.370432791253	 	 	0.928859271992	 	 	68.2576888887
1505234534.69	 	 	0.939869478569	 	 	-0.352951037602	 	 	75.3422321987	 	 	0.344126277634	 	 	0.93892337549	 	 	69.8715303642
1505234534.75	 	 	0.946700341284	 	 	-0.326440942141	 	 	76.6588629309	 	 	0.323330770645	 	 	0.946286010017	 	 	71.1355241348
1505234534.81	 	 	0.95492195896	 	 	-0.300457649908	 	 	80.3405563866	 	 	0.298082785947	 	 	0.95454002154	 	 	72.6575128654
1505234534.87	 	 	0.959458148242	 	 	-0.275265875823	 	 	82.9229088458	 	 	0.279296827924	 	 	0.960204812481	 	 	73.7817583054
1505234534.93	 	 	0.958489291894	 	 	-0.245762629058	 	 	87.8525525415	 	 	0.268557184413	 	 	0.963263743063	 	 	74.4215710547
1505234534.99	 	 	0.962353378478	 	 	-0.221499659606	 	 	89.7538312333	 	 	0.248405175374	 	 	0.968656218091	 	 	75.6168412681
1505234535.06	 	 	0.964192098909	 	 	-0.188894080235	 	 	91.2206395957	 	 	0.226124966775	 	 	0.974098300687	 	 	76.9309609323
1505234535.12	 	 	0.965844512189	 	 	-0.160206212963	 	 	92.0481278283	 	 	0.204379341316	 	 	0.9788917636	 	 	78.2068313005
1505234535.18	 	 	0.966525245765	 	 	-0.131083394773	 	 	92.8436044774	 	 	0.182382103495	 	 	0.983227729636	 	 	79.4914585558
1505234535.24	 	 	0.967169112306	 	 	-0.102792620004	 	 	93.7795735527	 	 	0.159169723402	 	 	0.98725123406	 	 	80.841292704
1505234535.3	 	 	0.972089877434	 	 	-0.0751095825785	 	 	94.0620348805	 	 	0.126135679815	 	 	0.992012999047	 	 	82.7536554215
1505234535.36	 	 	0.971627058805	 	 	-0.0468625279237	 	 	95.2748236477	 	 	0.101710552455	 	 	0.994814034641	 	 	84.1623197834
1505234535.42	 	 	0.970015941459	 	 	-0.0195895701736	 	 	96.900540562	 	 	0.0787288895416	 	 	0.996896063766	 	 	85.4844939885
1505234535.48	 	 	0.967782740998	 	 	0.0072041921991	 	 	98.6100300452	 	 	0.055787286531	 	 	0.998442676703	 	 	86.8019636334
1505234535.55	 	 	0.965033329315	 	 	0.0385503185945	 	 	102.524392117	 	 	0.0271942928589	 	 	0.99963016683	 	 	88.4416896827
1505234535.61	 	 	0.961016454112	 	 	0.0646704790528	 	 	104.415187349	 	 	0.00494715403181	 	 	0.999987762759	 	 	89.7165477972
1505234535.67	 	 	0.956193477441	 	 	0.0914585848382	 	 	105.857572088	 	 	-0.0181817486945	 	 	0.999834698345	 	 	91.0417948685
1505234535.73	 	 	0.95097032454	 	 	0.118332279633	 	 	107.131889714	 	 	-0.0423120686713	 	 	0.999104443412	 	 	92.4250269168
1505234535.79	 	 	0.944778340604	 	 	0.145132996673	 	 	107.851789428	 	 	-0.0662590509842	 	 	0.997802454478	 	 	93.7991473169
1505234535.85	 	 	0.937868299317	 	 	0.171394405096	 	 	109.014800721	 	 	-0.0898560933077	 	 	0.995954759261	 	 	95.1553283013
1505234535.91	 	 	0.930679801752	 	 	0.198047998155	 	 	110.430332837	 	 	-0.11508486625	 	 	0.993355663174	 	 	96.6085200265
1505234535.97	 	 	0.923061110784	 	 	0.223434711159	 	 	112.314498009	 	 	-0.139312918022	 	 	0.990248408669	 	 	98.0080897358
1505234536.03	 	 	0.914430428118	 	 	0.248018194353	 	 	115.013905716	 	 	-0.162186213367	 	 	0.986760169542	 	 	99.3338147032
1505234536.09	 	 	0.904766718179	 	 	0.272774350571	 	 	117.066934757	 	 	-0.185158861644	 	 	0.982708601751	 	 	100.670394516
1505234536.15	 	 	0.894115333234	 	 	0.297716707783	 	 	119.032288926	 	 	-0.208428592361	 	 	0.978037587154	 	 	102.030279624
1505234536.21	 	 	0.882140252901	 	 	0.322664287788	 	 	120.318793893	 	 	-0.231365409059	 	 	0.972866921778	 	 	103.377472415
1505234536.28	 	 	0.867351177673	 	 	0.351255799262	 	 	121.834806689	 	 	-0.258144752882	 	 	0.96610625014	 	 	104.960006775
1505234536.34	 	 	0.854790761318	 	 	0.375704884889	 	 	123.068766159	 	 	-0.282719708096	 	 	0.959202568102	 	 	106.422592664
1505234536.4	 	 	0.841651405736	 	 	0.399393668717	 	 	124.722296855	 	 	-0.306698525481	 	 	0.951806710665	 	 	107.860380489
1505234536.46	 	 	0.827769906887	 	 	0.422413032091	 	 	126.438615479	 	 	-0.330022395838	 	 	0.943973102501	 	 	109.270134833
1505234536.52	 	 	0.813021628886	 	 	0.444883657908	 	 	127.971338823	 	 	-0.352779360476	 	 	0.9357065367	 	 	110.65740775
1505234536.58	 	 	0.797335488496	 	 	0.466991370848	 	 	129.608351659	 	 	-0.375266000124	 	 	0.926917164126	 	 	112.040754219
1505234536.64	 	 	0.777337988702	 	 	0.490001078054	 	 	131.714318609	 	 	-0.396808384529	 	 	0.917901468551	 	 	113.378806197
1505234536.7	 	 	0.760112271529	 	 	0.511718861011	 	 	133.216209709	 	 	-0.420052522009	 	 	0.907499795457	 	 	114.837903467
1505234536.77	 	 	0.742437599403	 	 	0.532710734186	 	 	135.130746041	 	 	-0.442919981119	 	 	0.896561147009	 	 	116.290336366
1505234536.83	 	 	0.72351757405	 	 	0.55285159044	 	 	135.834217609	 	 	-0.464643248266	 	 	0.885497968287	 	 	117.687136135
1505234536.89	 	 	0.701380146702	 	 	0.575614758564	 	 	137.459970473	 	 	-0.490185109612	 	 	0.871618355884	 	 	119.352749018
1505234536.95	 	 	0.681946135494	 	 	0.595505014016	 	 	141.141939012	 	 	-0.513645525819	 	 	0.858002490559	 	 	120.906962951
1505234537.01	 	 	0.662156025348	 	 	0.613094693053	 	 	143.395568634	 	 	-0.534039452237	 	 	0.845459557551	 	 	122.278792856
1505234537.07	 	 	0.641558703209	 	 	0.63076282403	 	 	145.120637331	 	 	-0.555221646169	 	 	0.831702424924	 	 	123.725982575
1505234537.13	 	 	0.619087979647	 	 	0.648268508035	 	 	146.375772746	 	 	-0.576478210904	 	 	0.817112521232	 	 	125.203218067
1505234537.19	 	 	0.596805688414	 	 	0.66512012158	 	 	148.026292673	 	 	-0.597758670605	 	 	0.8016761015	 	 	126.709542339
1505234537.25	 	 	0.574582203507	 	 	0.681218641531	 	 	149.382132587	 	 	-0.618747395282	 	 	0.785590008103	 	 	128.22472023
1505234537.31	 	 	0.55133877971	 	 	0.696483674609	 	 	150.532441395	 	 	-0.639084823764	 	 	0.769136261032	 	 	129.723610916
1505234537.37	 	 	0.527954637811	 	 	0.710652552912	 	 	151.67537531	 	 	-0.658547368841	 	 	0.75253927671	 	 	131.18918076
1505234537.43	 	 	0.503805579645	 	 	0.724704012177	 	 	153.409543947	 	 	-0.678573208703	 	 	0.734532776962	 	 	132.732248898
1505234537.49	 	 	0.478928175115	 	 	0.738085134107	 	 	155.632050238	 	 	-0.698341851536	 	 	0.715764387486	 	 	134.294121441
1505234537.55	 	 	0.453741058548	 	 	0.749946536946	 	 	157.554152761	 	 	-0.716661788766	 	 	0.697420877608	 	 	135.779554833
1505234537.61	 	 	0.427704302658	 	 	0.762193958326	 	 	158.35498477	 	 	-0.736276950226	 	 	0.67668031785	 	 	137.415227142
1505234537.68	 	 	0.396063615561	 	 	0.777346603441	 	 	158.325628214	 	 	-0.761159897338	 	 	0.648564268739	 	 	139.566558847
1505234537.74	 	 	0.369532022905	 	 	0.788714239569	 	 	156.709211247	 	 	-0.780708628022	 	 	0.624895221723	 	 	141.32550258
1505234537.8	 	 	0.342516650329	 	 	0.801339939517	 	 	156.772176067	 	 	-0.802108101565	 	 	0.597178862154	 	 	143.331885398
1505234537.86	 	 	0.314903212345	 	 	0.81469754083	 	 	156.698887171	 	 	-0.824406511403	 	 	0.565998148368	 	 	145.528366743
1505234537.92	 	 	0.287883640856	 	 	0.828059201784	 	 	156.191674795	 	 	-0.846177286566	 	 	0.532901491553	 	 	147.798292642
1505234537.98	 	 	0.262033539939	 	 	0.841134289143	 	 	156.338342014	 	 	-0.866725202556	 	 	0.498785949335	 	 	150.080288493
1505234538.04	 	 	0.235813834318	 	 	0.854422098807	 	 	156.235867613	 	 	-0.886788087004	 	 	0.462176252903	 	 	152.472373478
1505234538.1	 	 	0.209043529743	 	 	0.867245935462	 	 	155.655383862	 	 	-0.905623986508	 	 	0.424081590099	 	 	154.907455102
1505234538.16	 	 	0.182095770276	 	 	0.880288584372	 	 	155.452468749	 	 	-0.923530861249	 	 	0.383524117001	 	 	157.447853841
1505234538.22	 	 	0.154640492289	 	 	0.894003858521	 	 	154.708622278	 	 	-0.940630215016	 	 	0.339433054664	 	 	160.15766353
1505234538.28	 	 	0.127601135323	 	 	0.908058622604	 	 	154.406410773	 	 	-0.956092637071	 	 	0.29306461632	 	 	162.958480483
1505234538.34	 	 	0.100911532389	 	 	0.921720740802	 	 	154.212518006	 	 	-0.969310400407	 	 	0.24584008555	 	 	165.768514402
1505234538.4	 	 	0.0740640047756	 	 	0.936378622107	 	 	154.206282528	 	 	-0.98083348188	 	 	0.194847840179	 	 	168.764165021
1505234538.46	 	 	0.0471522920305	 	 	0.950407476395	 	 	153.902904827	 	 	-0.989679368105	 	 	0.14329950575	 	 	171.76118029
1505234538.52	 	 	0.0199480145201	 	 	0.964217627387	 	 	153.622829352	 	 	-0.995911433643	 	 	0.0903350227675	 	 	174.817119008
1505234538.58	 	 	-0.00739162383725	 	 	0.978791321235	 	 	153.473477193	 	 	-0.999410551621	 	 	0.0343300059501	 	 	178.032648983
1505234538.64	 	 	-0.0384163716699	 	 	0.995784030635	 	 	153.313204084	 	 	-0.999500076914	 	 	-0.0316163921064	 	 	-178.188212241
1505234538.71	 	 	-0.0646037787664	 	 	1.00992320273	 	 	153.260776294	 	 	-0.996130866388	 	 	-0.087882290763	 	 	-174.958211515
1505234538.77	 	 	-0.0902243091594	 	 	1.02434821927	 	 	153.845754721	 	 	-0.989474138289	 	 	-0.144709811891	 	 	-171.679524596
1505234538.83	 	 	-0.115061145778	 	 	1.0372396144	 	 	155.439157577	 	 	-0.98019573515	 	 	-0.19803111067	 	 	-168.578152694
1505234538.89	 	 	-0.140126803313	 	 	1.04848147287	 	 	157.63485666	 	 	-0.968601733566	 	 	-0.248617541081	 	 	-165.604279535
1505234538.95	 	 	-0.165244984789	 	 	1.05862686281	 	 	160.328615375	 	 	-0.954810626469	 	 	-0.297214850877	 	 	-162.70960284
1505234539.01	 	 	-0.190289489998	 	 	1.06886513018	 	 	165.974233301	 	 	-0.938339677864	 	 	-0.345714692986	 	 	-159.774570619
1505234539.07	 	 	-0.215365880552	 	 	1.07670750891	 	 	169.275734446	 	 	-0.92095586566	 	 	-0.389666900706	 	 	-157.066225419
1505234539.13	 	 	-0.241151539336	 	 	1.08300870422	 	 	172.057687456	 	 	-0.902106169048	 	 	-0.431514147816	 	 	-154.436309796
1505234539.19	 	 	-0.267416950706	 	 	1.08864854455	 	 	173.927272856	 	 	-0.88133498561	 	 	-0.472491950344	 	 	-151.803823613
1505234539.25	 	 	-0.293893485624	 	 	1.09264258401	 	 	176.196253379	 	 	-0.859764211133	 	 	-0.510691199508	 	 	-149.290118832
1505234539.31	 	 	-0.320221193598	 	 	1.09536678139	 	 	178.32977839	 	 	-0.837532094042	 	 	-0.546388132603	 	 	-146.880425111
1505234539.37	 	 	-0.346634352766	 	 	1.09737434708	 	 	180.946834461	 	 	-0.814091081229	 	 	-0.580737213776	 	 	-144.497588952
1505234539.43	 	 	-0.373021708154	 	 	1.09815521967	 	 	183.064876952	 	 	-0.790147958494	 	 	-0.612916147355	 	 	-142.199340594
1505234539.49	 	 	-0.399158300827	 	 	1.09816799341	 	 	185.383959819	 	 	-0.765569887157	 	 	-0.643352739854	 	 	-139.957718374
1505234539.55	 	 	-0.425848981884	 	 	1.09708271926	 	 	187.072494431	 	 	-0.740006066098	 	 	-0.672600194869	 	 	-137.731932311
1505234539.62	 	 	-0.458189964657	 	 	1.08643607338	 	 	190.684452728	 	 	-0.717072248751	 	 	-0.6969988451	 	 	-135.813285888
1505234539.68	 	 	-0.484895212882	 	 	1.08292097249	 	 	193.011087219	 	 	-0.690770449717	 	 	-0.723074121925	 	 	-133.691127621
1505234539.74	 	 	-0.511003886846	 	 	1.07823783531	 	 	194.878321264	 	 	-0.664958266378	 	 	-0.746880515194	 	 	-131.679123784
1505234539.8	 	 	-0.537406454426	 	 	1.07312594994	 	 	197.069238063	 	 	-0.637827339156	 	 	-0.770179385225	 	 	-129.629999778
1505234539.86	 	 	-0.564143499228	 	 	1.06724770584	 	 	199.437504931	 	 	-0.60967161971	 	 	-0.792654096136	 	 	-127.565762718
1505234539.92	 	 	-0.590994697707	 	 	1.06031345318	 	 	201.161761197	 	 	-0.58107656401	 	 	-0.813848896761	 	 	-125.526298091
1505234539.98	 	 	-0.618612951821	 	 	1.0512473818	 	 	202.006822642	 	 	-0.552254157125	 	 	-0.833675803858	 	 	-123.521795424
1505234540.04	 	 	-0.644099202334	 	 	1.0497115651	 	 	202.702156788	 	 	-0.51711372802	 	 	-0.855916697052	 	 	-121.138844452
1505234540.1	 	 	-0.670200152429	 	 	1.04068200191	 	 	204.932153877	 	 	-0.487815296895	 	 	-0.872946869011	 	 	-119.197088247
1505234540.16	 	 	-0.695669576655	 	 	1.03084368999	 	 	207.160584809	 	 	-0.459046309585	 	 	-0.888412339883	 	 	-117.325584709
1505234540.22	 	 	-0.720589659151	 	 	1.01975962828	 	 	209.26906137	 	 	-0.431169523999	 	 	-0.902270935792	 	 	-115.541803992
1505234540.28	 	 	-0.744947513952	 	 	1.00796577432	 	 	211.528006686	 	 	-0.403697176509	 	 	-0.91489266566	 	 	-113.80951125
1505234540.34	 	 	-0.769277789642	 	 	0.994824928613	 	 	213.711939431	 	 	-0.376377087022	 	 	-0.926466560845	 	 	-112.109450822
1505234540.41	 	 	-0.797395564356	 	 	0.978149829451	 	 	215.230715595	 	 	-0.344661147234	 	 	-0.938727166746	 	 	-110.161112313
1505234540.47	 	 	-0.820983903154	 	 	0.963324152232	 	 	217.006871538	 	 	-0.317515534968	 	 	-0.948253070153	 	 	-108.512741326
1505234540.53	 	 	-0.844466067181	 	 	0.947625946591	 	 	219.18665308	 	 	-0.290112434933	 	 	-0.956992567943	 	 	-106.864687457
1505234540.59	 	 	-0.867084957717	 	 	0.931091504286	 	 	220.81669024	 	 	-0.26371669798	 	 	-0.964600177901	 	 	-105.290712725
1505234540.65	 	 	-0.889993301003	 	 	0.907551352886	 	 	223.109587042	 	 	-0.240862803053	 	 	-0.970559173933	 	 	-103.93746928
1505234540.71	 	 	-0.911137418634	 	 	0.890209020915	 	 	224.970056111	 	 	-0.21518135668	 	 	-0.976574105605	 	 	-102.426167317
1505234540.77	 	 	-0.931864440306	 	 	0.871782888961	 	 	226.091554038	 	 	-0.18991491715	 	 	-0.981800552171	 	 	-100.947818904
1505234540.83	 	 	-0.952663667593	 	 	0.852706568952	 	 	227.089030397	 	 	-0.163818883885	 	 	-0.986490432433	 	 	-99.42862791
1505234540.89	 	 	-0.972312464691	 	 	0.833629575713	 	 	228.500758679	 	 	-0.138759724515	 	 	-0.990326077034	 	 	-97.9760832118
1505234540.96	 	 	-0.995405162761	 	 	0.810801968252	 	 	230.201735411	 	 	-0.108203851803	 	 	-0.994128727306	 	 	-96.21178583
1505234541.02	 	 	-1.0143180594	 	 	0.790617747392	 	 	231.830137525	 	 	-0.0828694457081	 	 	-0.996560412102	 	 	-94.7535207913
1505234541.08	 	 	-1.03270133085	 	 	0.770354360626	 	 	234.825111349	 	 	-0.0575631479654	 	 	-0.998341867296	 	 	-93.2999495537
1505234541.14	 	 	-1.04977578916	 	 	0.748684400155	 	 	236.353275641	 	 	-0.0343610991705	 	 	-0.999409483077	 	 	-91.9691335794
1505234541.2	 	 	-1.06600451652	 	 	0.733006306337	 	 	237.944039753	 	 	-0.00953766836793	 	 	-0.999954515407	 	 	-90.5464764293
1505234541.26	 	 	-1.0825133937	 	 	0.710087716562	 	 	239.190812089	 	 	0.0139218757206	 	 	-0.999903085992	 	 	-89.202309509
1505234541.32	 	 	-1.09798272804	 	 	0.687270061884	 	 	240.661204633	 	 	0.0364612614593	 	 	-0.999335067139	 	 	-87.9104604476
1505234541.38	 	 	-1.11373418605	 	 	0.663855549054	 	 	242.007336469	 	 	0.0603777085262	 	 	-0.998175601942	 	 	-86.5385068215
1505234541.44	 	 	-1.12848101299	 	 	0.640554457928	 	 	243.539922341	 	 	0.0833851808421	 	 	-0.996517391527	 	 	-85.2168271341
1505234541.5	 	 	-1.14215980259	 	 	0.616762363985	 	 	244.7755735	 	 	0.105210909833	 	 	-0.994449930591	 	 	-83.9606818901
1505234541.56	 	 	-1.15577100024	 	 	0.591637034365	 	 	245.971026023	 	 	0.127689610684	 	 	-0.991814177819	 	 	-82.6638959271
1505234541.62	 	 	-1.16878446407	 	 	0.566550708169	 	 	247.420693062	 	 	0.150042818204	 	 	-0.988679499487	 	 	-81.3705920565
1505234541.68	 	 	-1.18127736988	 	 	0.541888303987	 	 	248.682948524	 	 	0.172389156433	 	 	-0.985028922796	 	 	-80.0732411921
1505234541.74	 	 	-1.19286180215	 	 	0.516649219057	 	 	250.659403134	 	 	0.193916048737	 	 	-0.981018127275	 	 	-78.8185908635
1505234541.81	 	 	-1.20587386243	 	 	0.487261299241	 	 	252.73959711	 	 	0.219227938822	 	 	-0.975673670261	 	 	-77.3363098147
1505234541.87	 	 	-1.21552462423	 	 	0.461956366923	 	 	254.150364173	 	 	0.239069076924	 	 	-0.97100256254	 	 	-76.1683969466
1505234541.93	 	 	-1.22452904428	 	 	0.435491538797	 	 	255.545628437	 	 	0.258722056405	 	 	-0.965951809114	 	 	-75.0057529969
1505234541.99	 	 	-1.2332537692	 	 	0.408774181455	 	 	256.762483964	 	 	0.278825470949	 	 	-0.960341791629	 	 	-73.8098823454
1505234542.05	 	 	-1.24167141763	 	 	0.38226673415	 	 	258.294116073	 	 	0.299230502538	 	 	-0.954180856206	 	 	-72.5886088055
1505234542.11	 	 	-1.24919045616	 	 	0.355323044423	 	 	259.728012256	 	 	0.318969078952	 	 	-0.947765122102	 	 	-71.3994093906
1505234542.17	 	 	-1.25624028134	 	 	0.328304101641	 	 	261.121680079	 	 	0.338755945469	 	 	-0.940874279279	 	 	-70.198902334
1505234542.23	 	 	-1.26268920509	 	 	0.301275830153	 	 	262.43986947	 	 	0.358323167273	 	 	-0.933597615569	 	 	-69.0027483562
1505234542.3	 	 	-1.26864970211	 	 	0.268882078352	 	 	263.983638161	 	 	0.379756314395	 	 	-0.925086559019	 	 	-67.6814109696
1505234542.36	 	 	-1.27311254905	 	 	0.241356438076	 	 	265.164557631	 	 	0.397859946527	 	 	-0.917446163515	 	 	-66.5555386031
1505234542.42	 	 	-1.27745547855	 	 	0.213635515107	 	 	266.607840223	 	 	0.416676028306	 	 	-0.909055051927	 	 	-65.3750916053
1505234542.48	 	 	-1.28090581874	 	 	0.185972712217	 	 	269.057552111	 	 	0.434766151523	 	 	-0.900543387899	 	 	-64.229585328
1505234542.54	 	 	-1.2838084479	 	 	0.158066777692	 	 	270.134597252	 	 	0.452859843789	 	 	-0.891581719128	 	 	-63.0726828594
1505234542.6	 	 	-1.28635817535	 	 	0.130086261597	 	 	271.363195416	 	 	0.471201700415	 	 	-0.882025485758	 	 	-61.887670182
1505234542.66	 	 	-1.28770842616	 	 	0.101707141646	 	 	272.645567695	 	 	0.488593611883	 	 	-0.872511479825	 	 	-60.7518143879
1505234542.72	 	 	-1.28812400447	 	 	0.0729616413545	 	 	273.669884057	 	 	0.505516105411	 	 	-0.862817169028	 	 	-59.6343814158
1505234542.78	 	 	-1.28815955306	 	 	0.044556924176	 	 	275.061130698	 	 	0.522457258677	 	 	-0.852665475351	 	 	-58.5027756452
1505234542.84	 	 	-1.28758017208	 	 	0.0160708369294	 	 	276.642695566	 	 	0.539280270203	 	 	-0.842126350478	 	 	-57.3653428484
1505234542.9	 	 	-1.28682978168	 	 	-0.0119004365777	 	 	278.211819291	 	 	0.556261213246	 	 	-0.831007498545	 	 	-56.2023719777
1505234542.96	 	 	-1.28512930329	 	 	-0.0395475618766	 	 	279.305766838	 	 	0.572318052862	 	 	-0.820031734977	 	 	-55.0879706714
1505234543.02	 	 	-1.28216134184	 	 	-0.0720046255564	 	 	281.33906772	 	 	0.590644952165	 	 	-0.806931558735	 	 	-53.7972106699
1505234543.09	 	 	-1.27852428893	 	 	-0.0998022419678	 	 	282.682633638	 	 	0.605553758625	 	 	-0.79580440148	 	 	-52.7312995376
1505234543.15	 	 	-1.27401912692	 	 	-0.127831444264	 	 	283.832794421	 	 	0.620151998105	 	 	-0.784481675532	 	 	-51.6727649699
1505234543.21	 	 	-1.26909139145	 	 	-0.155354539985	 	 	285.405725105	 	 	0.634508248642	 	 	-0.772916090145	 	 	-50.6164782763
1505234543.27	 	 	-1.26388807517	 	 	-0.18281428309	 	 	286.967984509	 	 	0.649123591805	 	 	-0.76068295798	 	 	-49.5244430012
1505234543.33	 	 	-1.25875757797	 	 	-0.210283791314	 	 	288.034173634	 	 	0.664464035935	 	 	-0.747320242566	 	 	-48.3587791786
1505234543.39	 	 	-1.25209296269	 	 	-0.237235621829	 	 	289.137348172	 	 	0.678077713797	 	 	-0.734990213576	 	 	-47.3063891716
1505234543.45	 	 	-1.24485901284	 	 	-0.263973397037	 	 	290.192896357	 	 	0.691443994194	 	 	-0.722430067822	 	 	-46.2554775109
1505234543.51	 	 	-1.23680516272	 	 	-0.291502751443	 	 	291.946625241	 	 	0.705122379475	 	 	-0.7090856295	 	 	-45.16056825
1505234543.57	 	 	-1.22808502608	 	 	-0.318151988075	 	 	293.347430036	 	 	0.717915394006	 	 	-0.696130366418	 	 	-44.1173613799
1505234543.64	 	 	-1.21752949329	 	 	-0.347491501542	 	 	294.610715405	 	 	0.731645166981	 	 	-0.681685667762	 	 	-42.9755079116
1505234543.7	 	 	-1.20714908353	 	 	-0.374928736946	 	 	296.833298625	 	 	0.744596378555	 	 	-0.667514968404	 	 	-41.8755573894
1505234543.76	 	 	-1.19676737598	 	 	-0.400687695756	 	 	297.768234681	 	 	0.756659162305	 	 	-0.653809538092	 	 	-40.8294443497
1505234543.82	 	 	-1.18468835522	 	 	-0.426332104462	 	 	299.19770733	 	 	0.767504545333	 	 	-0.641043503121	 	 	-39.8696749789
1505234543.88	 	 	-1.17270013899	 	 	-0.45207029555	 	 	300.744571211	 	 	0.779094031387	 	 	-0.626907082634	 	 	-38.8222995468
1505234543.94	 	 	-1.16028078265	 	 	-0.476734482645	 	 	301.447174591	 	 	0.78985705825	 	 	-0.613290981128	 	 	-37.8278446272
1505234544.0	 	 	-1.14725869915	 	 	-0.501129218736	 	 	302.664343173	 	 	0.80035123833	 	 	-0.599531396429	 	 	-36.836343754
1505234544.06	 	 	-1.13358457324	 	 	-0.526052961663	 	 	304.684013854	 	 	0.811258900044	 	 	-0.584687093324	 	 	-35.7808876656
1505234544.12	 	 	-1.11972880077	 	 	-0.550460899451	 	 	306.057856004	 	 	0.822023541068	 	 	-0.569453508137	 	 	-34.7121260016
1505234544.18	 	 	-1.10529902669	 	 	-0.574267636895	 	 	306.348234184	 	 	0.832243618706	 	 	-0.554410100127	 	 	-33.6700935517
1505234544.24	 	 	-1.08672974734	 	 	-0.604125588416	 	 	308.179354025	 	 	0.84528503643	 	 	-0.53431564378	 	 	-32.2975119572
1505234544.31	 	 	-1.06860430084	 	 	-0.63158390361	 	 	309.883127692	 	 	0.857075089614	 	 	-0.515191508824	 	 	-31.0102565608
1505234544.37	 	 	-1.05235069271	 	 	-0.653671501262	 	 	310.874469373	 	 	0.865862316073	 	 	-0.500282369871	 	 	-30.0186831993
1505234544.43	 	 	-1.03875319063	 	 	-0.669184002216	 	 	312.970169782	 	 	0.870968109302	 	 	-0.49133954917	 	 	-29.4286643377
1505234544.49	 	 	-1.02183367473	 	 	-0.69013539486	 	 	313.713134234	 	 	0.879054589037	 	 	-0.476721123397	 	 	-28.4714714735
1505234544.55	 	 	-1.0039916161	 	 	-0.711473908507	 	 	314.997787602	 	 	0.887293391513	 	 	-0.461205417766	 	 	-27.4649182971
1505234544.61	 	 	-0.985167725611	 	 	-0.732419279558	 	 	316.324034779	 	 	0.895039703486	 	 	-0.445986467489	 	 	-26.4864699581
1505234544.67	 	 	-0.965849701461	 	 	-0.753384677827	 	 	318.660286784	 	 	0.902892382589	 	 	-0.429866660098	 	 	-25.4590983563
1505234544.73	 	 	-0.945906300587	 	 	-0.77405001704	 	 	319.995892878	 	 	0.910527916226	 	 	-0.413447594953	 	 	-24.4215921242
1505234544.79	 	 	-0.925467041036	 	 	-0.793834055529	 	 	321.637716819	 	 	0.917562387171	 	 	-0.397591832975	 	 	-23.4277183961
1505234544.85	 	 	-0.904805636619	 	 	-0.813205996986	 	 	322.897178071	 	 	0.924466086174	 	 	-0.381264285654	 	 	-22.4120174276
1505234544.91	 	 	-0.883510966786	 	 	-0.832649090311	 	 	323.794493858	 	 	0.931427958022	 	 	-0.363925760308	 	 	-21.3414871054
1505234544.97	 	 	-0.861531653347	 	 	-0.851430603397	 	 	324.926794618	 	 	0.937905593532	 	 	-0.346890613337	 	 	-20.2972486317
1505234545.03	 	 	-0.839406069333	 	 	-0.869501072904	 	 	325.791775368	 	 	0.944039228977	 	 	-0.329833191406	 	 	-19.2586512051
1505234545.09	 	 	-0.812354952402	 	 	-0.889959037938	 	 	325.344701805	 	 	0.950681720405	 	 	-0.310168126165	 	 	-18.0693628428
1505234545.16	 	 	-0.789782428399	 	 	-0.907136441273	 	 	326.895115772	 	 	0.956428022712	 	 	-0.291968212947	 	 	-16.9758268633
1505234545.22	 	 	-0.76766317108	 	 	-0.92317997865	 	 	329.306115522	 	 	0.961644495994	 	 	-0.27429885768	 	 	-15.9202350255
1505234545.28	 	 	-0.744573173528	 	 	-0.938149291741	 	 	331.129806933	 	 	0.966141874496	 	 	-0.25801139189	 	 	-14.95209783
1505234545.34	 	 	-0.722581642104	 	 	-0.952761639639	 	 	333.786361919	 	 	0.970653124114	 	 	-0.240483913491	 	 	-13.9151030788
1505234545.4	 	 	-0.698153620846	 	 	-0.966805246009	 	 	335.548509217	 	 	0.974574374334	 	 	-0.224064251706	 	 	-12.9478589087
1505234545.46	 	 	-0.672692476143	 	 	-0.980240709004	 	 	336.866311593	 	 	0.978146197572	 	 	-0.207918292065	 	 	-12.0003866736
1505234545.52	 	 	-0.646982248746	 	 	-0.993497966658	 	 	338.178515513	 	 	0.9816465911	 	 	-0.190709124538	 	 	-10.9941707798
1505234545.58	 	 	-0.617018336506	 	 	-1.00842126422	 	 	339.518193328	 	 	0.985476077546	 	 	-0.169814312075	 	 	-9.77702294767
1505234545.64	 	 	-0.590657865445	 	 	-1.02061555923	 	 	340.622986914	 	 	0.988422890506	 	 	-0.151724057167	 	 	-8.72685142867
1505234545.7	 	 	-0.563720902676	 	 	-1.03178409734	 	 	341.433095378	 	 	0.990923728649	 	 	-0.134425310117	 	 	-7.72538968018
1505234545.77	 	 	-0.537260050217	 	 	-1.04258349356	 	 	342.585311095	 	 	0.993221137311	 	 	-0.116240149684	 	 	-6.67516014579
1505234545.83	 	 	-0.509654779585	 	 	-1.05323140163	 	 	344.258344697	 	 	0.995285352907	 	 	-0.096990031907	 	 	-5.56586927194
1505234545.89	 	 	-0.482885305693	 	 	-1.06265973372	 	 	345.448116482	 	 	0.996895539009	 	 	-0.0787355339401	 	 	-4.51588789296
1505234545.95	 	 	-0.456784540003	 	 	-1.07181180385	 	 	346.471795121	 	 	0.998225125345	 	 	-0.0595533301368	 	 	-3.41417462256
1505234546.01	 	 	-0.428554435411	 	 	-1.08030484759	 	 	347.851062125	 	 	0.999186352805	 	 	-0.0403315307026	 	 	-2.3114534271
1505234546.07	 	 	-0.401170727611	 	 	-1.08728094018	 	 	349.348100302	 	 	0.999736880952	 	 	-0.0229383710199	 	 	-1.31438713046
1505234546.13	 	 	-0.375323819042	 	 	-1.09259777161	 	 	348.870753171	 	 	0.999968304994	 	 	-0.00796172141529	 	 	-0.456177854285
1505234546.19	 	 	-0.347526847541	 	 	-1.09846954824	 	 	349.68184719	 	 	0.999949997013	 	 	0.0100001737325	 	 	0.572977299495
1505234546.25	 	 	-0.319872636858	 	 	-1.10579069219	 	 	354.583331478	 	 	0.999464410972	 	 	0.0327244740201	 	 	1.87530905841
1505234546.38	 	 	-0.291661181692	 	 	-1.11034193288	 	 	357.41568958	 	 	0.99870252592	 	 	0.0509241074652	 	 	2.9189989843
1505234546.39	 	 	-0.25958034529	 	 	-1.11552288821	 	 	0.280488863908	 	 	0.997293257359	 	 	0.0735265858458	 	 	4.21656812616
1505234546.51	 	 	-0.231335097854	 	 	-1.11845116096	 	 	1.30595499729	 	 	0.995810012702	 	 	0.0914462607343	 	 	5.24681487055
1505234546.52	 	 	-0.201184228579	 	 	-1.12065728132	 	 	1.08575274706	 	 	0.993904221566	 	 	0.110246987954	 	 	6.3295535333
1505234546.65	 	 	-0.171259199285	 	 	-1.1233730596	 	 	1.69645912236	 	 	0.991278630775	 	 	0.131782685388	 	 	7.57261904762
1505234546.65	 	 	-0.141749073257	 	 	-1.12621008575	 	 	2.01503051023	 	 	0.987916518065	 	 	0.154986945689	 	 	8.9160391468